Automatically generated mesh
     100
Reciprocal lattice
    0.00000000000000    0.00000000000000    0.00000000000000             1
    0.08333333333334    0.00000000000000    0.00000000000000             6
    0.16666666666667    0.00000000000000    0.00000000000000             6
    0.25000000000000    0.00000000000000    0.00000000000000             6
    0.33333333333334    0.00000000000000    0.00000000000000             6
    0.41666666666667    0.00000000000000    0.00000000000000             6
    0.50000000000000    0.00000000000000    0.00000000000000             3
    0.08333333333334    0.08333333333334    0.00000000000000             6
    0.16666666666667    0.08333333333334    0.00000000000000            12
    0.25000000000000    0.08333333333334    0.00000000000000            12
    0.33333333333334    0.08333333333334    0.00000000000000            12
    0.41666666666667    0.08333333333334    0.00000000000000            12
    0.16666666666667    0.16666666666667    0.00000000000000             6
    0.25000000000000    0.16666666666667    0.00000000000000            12
    0.33333333333334    0.16666666666667    0.00000000000000            12
    0.41666666666667    0.16666666666667    0.00000000000000             6
    0.25000000000000    0.25000000000000    0.00000000000000             6
    0.33333333333334    0.25000000000000    0.00000000000000            12
    0.33333333333334    0.33333333333334    0.00000000000000             2
    0.00000000000000    0.00000000000000    0.16666666666667             2
    0.08333333333334    0.00000000000000    0.16666666666667             6
    0.00000000000000    0.08333333333334    0.16666666666667             6
    0.16666666666667    0.00000000000000    0.16666666666667             6
    0.00000000000000    0.16666666666667    0.16666666666667             6
    0.25000000000000    0.00000000000000    0.16666666666667             6
    0.00000000000000    0.25000000000000    0.16666666666667             6
    0.33333333333334    0.00000000000000    0.16666666666667             6
    0.00000000000000    0.33333333333334    0.16666666666667             6
    0.41666666666667    0.00000000000000    0.16666666666667             6
    0.00000000000000    0.41666666666667    0.16666666666667             6
    0.50000000000000    0.00000000000000    0.16666666666667             6
    0.08333333333334    0.08333333333334    0.16666666666667            12
    0.16666666666667    0.08333333333334    0.16666666666667            12
   -0.08333333333333    0.25000000000000    0.16666666666667            12
    0.25000000000000    0.08333333333334    0.16666666666667            12
   -0.08333333333333    0.33333333333334    0.16666666666667            12
    0.33333333333334    0.08333333333334    0.16666666666667            12
   -0.08333333333333    0.41666666666667    0.16666666666667            12
    0.41666666666667    0.08333333333334    0.16666666666667            12
   -0.08333333333333    0.50000000000000    0.16666666666667            12
    0.16666666666667    0.16666666666667    0.16666666666667            12
    0.25000000000000    0.16666666666667    0.16666666666667            12
   -0.16666666666666    0.41666666666667    0.16666666666667            12
    0.33333333333334    0.16666666666667    0.16666666666667            12
   -0.16666666666666    0.50000000000000    0.16666666666667            12
    0.41666666666667    0.16666666666667    0.16666666666667            12
    0.25000000000000    0.25000000000000    0.16666666666667            12
    0.33333333333334    0.25000000000000    0.16666666666667            12
   -0.25000000000000   -0.41666666666666    0.16666666666667            12
    0.33333333333334    0.33333333333334    0.16666666666667             4
    0.00000000000000    0.00000000000000    0.33333333333334             2
    0.08333333333334    0.00000000000000    0.33333333333334             6
    0.00000000000000    0.08333333333334    0.33333333333334             6
    0.16666666666667    0.00000000000000    0.33333333333334             6
    0.00000000000000    0.16666666666667    0.33333333333334             6
    0.25000000000000    0.00000000000000    0.33333333333334             6
    0.00000000000000    0.25000000000000    0.33333333333334             6
    0.33333333333334    0.00000000000000    0.33333333333334             6
    0.00000000000000    0.33333333333334    0.33333333333334             6
    0.41666666666667    0.00000000000000    0.33333333333334             6
    0.00000000000000    0.41666666666667    0.33333333333334             6
    0.50000000000000    0.00000000000000    0.33333333333334             6
    0.08333333333334    0.08333333333334    0.33333333333334            12
    0.16666666666667    0.08333333333334    0.33333333333334            12
   -0.08333333333333    0.25000000000000    0.33333333333334            12
    0.25000000000000    0.08333333333334    0.33333333333334            12
   -0.08333333333333    0.33333333333334    0.33333333333334            12
    0.33333333333334    0.08333333333334    0.33333333333334            12
   -0.08333333333333    0.41666666666667    0.33333333333334            12
    0.41666666666667    0.08333333333334    0.33333333333334            12
   -0.08333333333333    0.50000000000000    0.33333333333334            12
    0.16666666666667    0.16666666666667    0.33333333333334            12
    0.25000000000000    0.16666666666667    0.33333333333334            12
   -0.16666666666666    0.41666666666667    0.33333333333334            12
    0.33333333333334    0.16666666666667    0.33333333333334            12
   -0.16666666666666    0.50000000000000    0.33333333333334            12
    0.41666666666667    0.16666666666667    0.33333333333334            12
    0.25000000000000    0.25000000000000    0.33333333333334            12
    0.33333333333334    0.25000000000000    0.33333333333334            12
   -0.25000000000000   -0.41666666666666    0.33333333333334            12
    0.33333333333334    0.33333333333334    0.33333333333334             4
    0.00000000000000    0.00000000000000    0.50000000000000             1
    0.08333333333334    0.00000000000000    0.50000000000000             6
    0.16666666666667    0.00000000000000    0.50000000000000             6
    0.25000000000000    0.00000000000000    0.50000000000000             6
    0.33333333333334    0.00000000000000    0.50000000000000             6
    0.41666666666667    0.00000000000000    0.50000000000000             6
    0.50000000000000    0.00000000000000    0.50000000000000             3
    0.08333333333334    0.08333333333334    0.50000000000000             6
    0.16666666666667    0.08333333333334    0.50000000000000            12
    0.25000000000000    0.08333333333334    0.50000000000000            12
    0.33333333333334    0.08333333333334    0.50000000000000            12
    0.41666666666667    0.08333333333334    0.50000000000000            12
    0.16666666666667    0.16666666666667    0.50000000000000             6
    0.25000000000000    0.16666666666667    0.50000000000000            12
    0.33333333333334    0.16666666666667    0.50000000000000            12
    0.41666666666667    0.16666666666667    0.50000000000000             6
    0.25000000000000    0.25000000000000    0.50000000000000             6
    0.33333333333334    0.25000000000000    0.50000000000000            12
    0.33333333333334    0.33333333333334    0.50000000000000             2
