      #Energy        TDOS
     -15.14062       0.00000
     -15.10462       0.00000
     -15.06762       0.00000
     -15.03162       0.00000
     -14.99562       0.00000
     -14.95862       0.00000
     -14.92262       0.00000
     -14.88562       0.00000
     -14.84962       0.00000
     -14.81262       0.00000
     -14.77662       0.00000
     -14.74062       0.00000
     -14.70362       0.00000
     -14.66762       0.00000
     -14.63062       0.00000
     -14.59462       0.00000
     -14.55862       0.00000
     -14.52162       0.00000
     -14.48562       0.00000
     -14.44862       0.00000
     -14.41262       0.00000
     -14.37662       0.00000
     -14.33962       0.00000
     -14.30362       0.00000
     -14.26662       0.00000
     -14.23062       0.00000
     -14.19462       0.00000
     -14.15762       0.00000
     -14.12162       0.00000
     -14.08462       0.00000
     -14.04862       0.00000
     -14.01162       0.00000
     -13.97562       0.00000
     -13.93962       0.00000
     -13.90262       0.00000
     -13.86662       0.00000
     -13.82962       0.00000
     -13.79362       0.00000
     -13.75762       0.00000
     -13.72062       0.00000
     -13.68462       0.00000
     -13.64762       0.00000
     -13.61162       0.00001
     -13.57562       0.00023
     -13.53862       0.00306
     -13.50262       0.01827
     -13.46562       0.05687
     -13.42962       0.11016
     -13.39362       0.15780
     -13.35662       0.19377
     -13.32062       0.22261
     -13.28362       0.24766
     -13.24762       0.27026
     -13.21062       0.29112
     -13.17462       0.31064
     -13.13862       0.32906
     -13.10162       0.34669
     -13.06562       0.36350
     -13.02862       0.37976
     -12.99262       0.39558
     -12.95662       0.41078
     -12.91962       0.42586
     -12.88362       0.44055
     -12.84662       0.45487
     -12.81062       0.46935
     -12.77462       0.48345
     -12.73762       0.49757
     -12.70162       0.51297
     -12.66462       0.53580
     -12.62862       0.58386
     -12.59262       0.66349
     -12.55562       0.75365
     -12.51962       0.84477
     -12.48262       0.95015
     -12.44662       1.06624
     -12.41062       1.17403
     -12.37362       1.27237
     -12.33762       1.37468
     -12.30062       1.47890
     -12.26462       1.56726
     -12.22762       1.63604
     -12.19162       1.69469
     -12.15562       1.74978
     -12.11862       1.80668
     -12.08262       1.87215
     -12.04562       1.95152
     -12.00962       2.03584
     -11.97362       2.10777
     -11.93662       2.16515
     -11.90062       2.21721
     -11.86362       2.26878
     -11.82762       2.32196
     -11.79162       2.38453
     -11.75462       2.46617
     -11.71862       2.56974
     -11.68162       2.68559
     -11.64562       2.78307
     -11.60962       2.83855
     -11.57262       2.86552
     -11.53662       2.88562
     -11.49962       2.90480
     -11.46362       2.92245
     -11.42662       2.94008
     -11.39062       2.95876
     -11.35462       2.97681
     -11.31762       2.99408
     -11.28162       3.01258
     -11.24462       3.03193
     -11.20862       3.05051
     -11.17262       3.06967
     -11.13562       3.09137
     -11.09962       3.11623
     -11.06262       3.15070
     -11.02662       3.20525
     -10.99062       3.27217
     -10.95362       3.33001
     -10.91762       3.37337
     -10.88062       3.41047
     -10.84462       3.44569
     -10.80862       3.48123
     -10.77162       3.52341
     -10.73562       3.57574
     -10.69862       3.63407
     -10.66262       3.69225
     -10.62562       3.74541
     -10.58962       3.79320
     -10.55362       3.83814
     -10.51662       3.88194
     -10.48062       3.92756
     -10.44362       3.97770
     -10.40762       4.03336
     -10.37162       4.10218
     -10.33462       4.20523
     -10.29862       4.34855
     -10.26162       4.49190
     -10.22562       4.59710
     -10.18962       4.67975
     -10.15262       4.78029
     -10.11662       4.91496
     -10.07962       5.06089
     -10.04362       5.19664
     -10.00762       5.31692
      -9.97062       5.40197
      -9.93462       5.44282
      -9.89762       5.46116
      -9.86162       5.47519
      -9.82462       5.48647
      -9.78862       5.49591
      -9.75262       5.50699
      -9.71562       5.51785
      -9.67962       5.52681
      -9.64262       5.53606
      -9.60662       5.54613
      -9.57062       5.55562
      -9.53362       5.56429
      -9.49762       5.57316
      -9.46062       5.58284
      -9.42462       5.59216
      -9.38862       5.60026
      -9.35162       5.60895
      -9.31562       5.61915
      -9.27862       5.62824
      -9.24262       5.63570
      -9.20662       5.64495
      -9.16962       5.65578
      -9.13362       5.66433
      -9.09662       5.67188
      -9.06062       5.68224
      -9.02362       5.69307
      -8.98762       5.70133
      -8.95162       5.71019
      -8.91462       5.72144
      -8.87862       5.73184
      -8.84162       5.74103
      -8.80562       5.75175
      -8.76962       5.76345
      -8.73262       5.77435
      -8.69662       5.78567
      -8.65962       5.79838
      -8.62362       5.81126
      -8.58762       5.82475
      -8.55062       5.83976
      -8.51462       5.85613
      -8.47762       5.87499
      -8.44162       5.89896
      -8.40562       5.93095
      -8.36862       5.96585
      -8.33262       5.98971
      -8.29562       5.99838
      -8.25962       5.99983
      -8.22362       5.99993
      -8.18662       5.99993
      -8.15062       5.99993
      -8.11362       5.99993
      -8.07762       5.99993
      -8.04062       5.99993
      -8.00462       5.99993
      -7.96862       5.99993
      -7.93162       5.99993
      -7.89562       5.99993
      -7.85862       5.99993
      -7.82262       5.99993
      -7.78662       5.99993
      -7.74962       5.99993
      -7.71362       5.99993
      -7.67662       5.99993
      -7.64062       5.99993
      -7.60462       5.99993
      -7.56762       5.99993
      -7.53162       5.99993
      -7.49462       5.99993
      -7.45862       5.99993
      -7.42262       5.99993
      -7.38562       5.99993
      -7.34962       5.99993
      -7.31262       5.99993
      -7.27662       5.99993
      -7.23962       5.99993
      -7.20362       5.99993
      -7.16762       5.99993
      -7.13062       5.99993
      -7.09462       5.99993
      -7.05762       5.99993
      -7.02162       5.99993
      -6.98562       5.99993
      -6.94862       5.99993
      -6.91262       5.99993
      -6.87562       5.99993
      -6.83962       5.99993
      -6.80362       5.99993
      -6.76662       5.99993
      -6.73062       5.99993
      -6.69362       5.99993
      -6.65762       5.99993
      -6.62162       5.99993
      -6.58462       5.99993
      -6.54862       5.99993
      -6.51162       5.99993
      -6.47562       5.99993
      -6.43862       5.99993
      -6.40262       5.99993
      -6.36662       5.99993
      -6.32962       5.99993
      -6.29362       5.99993
      -6.25662       5.99993
      -6.22062       5.99993
      -6.18462       5.99993
      -6.14762       5.99993
      -6.11162       5.99993
      -6.07462       5.99993
      -6.03862       5.99993
      -6.00262       5.99993
      -5.96562       5.99993
      -5.92962       5.99993
      -5.89262       5.99993
      -5.85662       5.99993
      -5.82062       5.99993
      -5.78362       5.99993
      -5.74762       5.99993
      -5.71062       5.99993
      -5.67462       5.99994
      -5.63762       6.00021
      -5.60162       6.00344
      -5.56562       6.01978
      -5.52862       6.05929
      -5.49262       6.11187
      -5.45562       6.15782
      -5.41962       6.19258
      -5.38362       6.22074
      -5.34662       6.24497
      -5.31062       6.26734
      -5.27362       6.28835
      -5.23762       6.30723
      -5.20162       6.32566
      -5.16462       6.34682
      -5.12862       6.37467
      -5.09162       6.41668
      -5.05562       6.47863
      -5.01962       6.55124
      -4.98262       6.61656
      -4.94662       6.67349
      -4.90962       6.73891
      -4.87362       6.81750
      -4.83762       6.89429
      -4.80062       6.96290
      -4.76462       7.04192
      -4.72762       7.15120
      -4.69162       7.27134
      -4.65462       7.36825
      -4.61862       7.44591
      -4.58262       7.52751
      -4.54562       7.62115
      -4.50962       7.72304
      -4.47262       7.83174
      -4.43662       7.95509
      -4.40062       8.10538
      -4.36362       8.27578
      -4.32762       8.43328
      -4.29062       8.55134
      -4.25462       8.63009
      -4.21862       8.68345
      -4.18162       8.72746
      -4.14562       8.77254
      -4.10862       8.81730
      -4.07262       8.86017
      -4.03662       8.90221
      -3.99962       8.94497
      -3.96362       8.99345
      -3.92662       9.05538
      -3.89062       9.13364
      -3.85362       9.21252
      -3.81762       9.27467
      -3.78162       9.32307
      -3.74462       9.36798
      -3.70862       9.42070
      -3.67162       9.50124
      -3.63562       9.62055
      -3.59962       9.75987
      -3.56262       9.89536
      -3.52662      10.02088
      -3.48962      10.13468
      -3.45362      10.23899
      -3.41762      10.34068
      -3.38062      10.43568
      -3.34462      10.51671
      -3.30762      10.59068
      -3.27162      10.67139
      -3.23562      10.76030
      -3.19862      10.84945
      -3.16262      10.93927
      -3.12562      11.03477
      -3.08962      11.14118
      -3.05262      11.26371
      -3.01662      11.39079
      -2.98062      11.50188
      -2.94362      11.59774
      -2.90762      11.69379
      -2.87062      11.79801
      -2.83462      11.91368
      -2.79862      12.03332
      -2.76162      12.13821
      -2.72562      12.23435
      -2.68862      12.34193
      -2.65262      12.45209
      -2.61662      12.54850
      -2.57962      12.63561
      -2.54362      12.71580
      -2.50662      12.77835
      -2.47062      12.82693
      -2.43462      12.88302
      -2.39762      12.95174
      -2.36162      13.01599
      -2.32462      13.06619
      -2.28862      13.10965
      -2.25162      13.15306
      -2.21562      13.19628
      -2.17962      13.23968
      -2.14262      13.28889
      -2.10662      13.35358
      -2.06962      13.43844
      -2.03362      13.53528
      -1.99762      13.63102
      -1.96062      13.71820
      -1.92462      13.79921
      -1.88762      13.88091
      -1.85162      13.96388
      -1.81562      14.04003
      -1.77862      14.10384
      -1.74262      14.17023
      -1.70562      14.26864
      -1.66962      14.40339
      -1.63362      14.53976
      -1.59662      14.65186
      -1.56062      14.74620
      -1.52362      14.83531
      -1.48762      14.93035
      -1.45062      15.03769
      -1.41462      15.15321
      -1.37862      15.27203
      -1.34162      15.38714
      -1.30562      15.49252
      -1.26862      15.58964
      -1.23262      15.67800
      -1.19662      15.75941
      -1.15962      15.84623
      -1.12362      15.95553
      -1.08662      16.09856
      -1.05062      16.26448
      -1.01462      16.42511
      -0.97762      16.56146
      -0.94162      16.68474
      -0.90462      16.82901
      -0.86862      16.99360
      -0.83262      17.12842
      -0.79562      17.20952
      -0.75962      17.26196
      -0.72262      17.30782
      -0.68662      17.34621
      -0.65062      17.37322
      -0.61362      17.39494
      -0.57762      17.41795
      -0.54062      17.43993
      -0.50462      17.45638
      -0.46762      17.47181
      -0.43162      17.49481
      -0.39562      17.52167
      -0.35862      17.54242
      -0.32262      17.56315
      -0.28562      17.60028
      -0.24962      17.65761
      -0.21362      17.72140
      -0.17662      17.77929
      -0.14062      17.83499
      -0.10362      17.89672
      -0.06762      17.95456
      -0.03162      17.98826
       0.00538      17.99866
       0.04138      18.00203
       0.07838      18.00981
       0.11438      18.02491
       0.15038      18.04154
       0.18738      18.05399
       0.22338      18.06484
       0.26038      18.07761
       0.29638      18.09331
       0.33338      18.12462
       0.36938      18.19427
       0.40538      18.30068
       0.44238      18.41154
       0.47838      18.50384
       0.51538      18.57931
       0.55138      18.64931
       0.58738      18.72628
       0.62438      18.82107
       0.66038      18.94141
       0.69738      19.08543
       0.73338      19.24597
       0.76938      19.41269
       0.80638      19.57596
       0.84238      19.74563
       0.87938      19.92783
       0.91538      20.09195
       0.95138      20.20339
       0.98838      20.27066
       1.02438      20.31997
       1.06138      20.36186
       1.09738      20.40100
       1.13438      20.44313
       1.17038      20.49727
       1.20638      20.57798
       1.24338      20.68584
       1.27938      20.79775
       1.31638      20.90490
       1.35238      21.01749
       1.38838      21.13509
       1.42538      21.25200
       1.46138      21.35828
       1.49838      21.43918
       1.53438      21.49861
       1.57038      21.55521
       1.60738      21.61410
       1.64338      21.67166
       1.68038      21.73230
       1.71638      21.80348
       1.75238      21.88536
       1.78938      21.97624
       1.82538      22.07660
       1.86238      22.17565
       1.89838      22.25570
       1.93538      22.31659
       1.97138      22.37490
       2.00738      22.43761
       2.04438      22.49481
       2.08038      22.54158
       2.11738      22.58836
       2.15338      22.63972
       2.18938      22.68845
       2.22638      22.73340
       2.26238      22.78003
       2.29938      22.83270
       2.33538      22.89636
       2.37138      22.97295
       2.40838      23.04684
       2.44438      23.09852
       2.48138      23.13406
       2.51738      23.16946
       2.55338      23.20734
       2.59038      23.24839
       2.62638      23.29978
       2.66338      23.36725
       2.69938      23.44032
       2.73638      23.49504
       2.77238      23.52368
       2.80838      23.53915
       2.84538      23.55435
       2.88138      23.57717
       2.91838      23.61212
       2.95438      23.66085
       2.99038      23.71894
       3.02738      23.77551
       3.06338      23.82276
       3.10038      23.86069
       3.13638      23.89283
       3.17238      23.92133
       3.20938      23.94864
       3.24538      23.97742
       3.28238      24.00766
       3.31838      24.03851
       3.35438      24.06976
       3.39138      24.10474
       3.42738      24.14820
       3.46438      24.19900
       3.50038      24.24581
       3.53638      24.27640
       3.57338      24.29199
       3.60938      24.30184
       3.64638      24.31132
       3.68238      24.32016
       3.71938      24.32856
       3.75538      24.33839
       3.79138      24.34802
       3.82838      24.35520
       3.86438      24.36271
       3.90138      24.37304
       3.93738      24.38302
       3.97338      24.39102
       4.01038      24.40405
       4.04638      24.43377
       4.08338      24.47965
       4.11938      24.52511
       4.15538      24.56195
       4.19238      24.59956
       4.22838      24.64410
       4.26538      24.68723
       4.30138      24.72347
       4.33738      24.75783
       4.37438      24.79435
       4.41038      24.84305
       4.44738      24.91539
       4.48338      25.00357
       4.52038      25.09367
       4.55638      25.17719
       4.59238      25.25033
       4.62938      25.31656
       4.66538      25.37543
       4.70238      25.42679
       4.73838      25.48100
       4.77438      25.54592
       4.81138      25.61548
       4.84738      25.68434
       4.88438      25.76231
       4.92038      25.86222
       4.95638      25.97133
       4.99338      26.05577
       5.02938      26.10778
       5.06638      26.14835
       5.10238      26.19015
       5.13838      26.23850
       5.17538      26.30935
       5.21138      26.41459
       5.24838      26.53800
       5.28438      26.64935
       5.32138      26.73703
       5.35738      26.81010
       5.39338      26.87609
       5.43038      26.93613
       5.46638      26.99942
       5.50338      27.07588
       5.53938      27.15818
       5.57538      27.23710
       5.61238      27.31385
       5.64838      27.38568
       5.68538      27.45553
       5.72138      27.53802
       5.75738      27.63293
       5.79438      27.73087
       5.83038      27.82849
       5.86738      27.91891
       5.90338      27.99713
       5.93938      28.06430
       5.97638      28.12591
       6.01238      28.19143
       6.04938      28.26437
       6.08538      28.34021
       6.12238      28.41355
       6.15838      28.49160
       6.19438      28.59467
       6.23138      28.72128
       6.26738      28.83988
       6.30438      28.93365
       6.34038      29.01384
       6.37638      29.09937
       6.41338      29.20834
       6.44938      29.34263
       6.48638      29.47922
       6.52238      29.59607
       6.55838      29.69432
       6.59538      29.78713
       6.63138      29.87706
       6.66838      29.95817
       6.70438      30.03059
       6.74038      30.09842
       6.77738      30.16716
       6.81338      30.23907
       6.85038      30.30655
       6.88638      30.36491
       6.92238      30.42512
       6.95938      30.49830
       6.99538      30.58559
       7.03238      30.68023
       7.06838      30.77072
       7.10538      30.86166
       7.14138      30.96926
       7.17738      31.08925
       7.21438      31.19754
       7.25038      31.28289
       7.28738      31.35825
       7.32338      31.44245
       7.35938      31.54450
       7.39638      31.66328
       7.43238      31.79197
       7.46938      31.91949
       7.50538      32.03855
       7.54138      32.15101
       7.57838      32.26406
       7.61438      32.38081
       7.65138      32.49169
       7.68738      32.58054
       7.72338      32.64812
       7.76038      32.71129
       7.79638      32.77901
       7.83338      32.85678
       7.86938      32.95499
       7.90638      33.07596
       7.94238      33.20262
       7.97838      33.32042
       8.01538      33.44019
       8.05138      33.57106
       8.08838      33.69605
       8.12438      33.80422
       8.16038      33.90926
       8.19738      34.01889
       8.23338      34.12930
       8.27038      34.24162
       8.30638      34.36251
       8.34238      34.50121
       8.37938      34.65959
       8.41538      34.81977
       8.45238      34.96222
       8.48838      35.08806
       8.52438      35.20592
       8.56138      35.31596
       8.59738      35.42191
       8.63438      35.53576
       8.67038      35.65973
       8.70738      35.78274
       8.74338      35.90274
       8.77938      36.02872
       8.81638      36.16050
       8.85238      36.30186
       8.88938      36.45576
       8.92538      36.60423
       8.96138      36.74291
       8.99838      36.87602
       9.03438      36.99105
       9.07138      37.08488
       9.10738      37.17352
       9.14338      37.27575
       9.18038      37.39909
       9.21638      37.53693
       9.25338      37.67204
       9.28938      37.79317
       9.32538      37.90233
       9.36238      38.00045
       9.39838      38.08856
       9.43538      38.18191
       9.47138      38.28900
       9.50838      38.39197
       9.54438      38.48301
       9.58038      38.57356
       9.61738      38.66319
       9.65338      38.74521
       9.69038      38.82501
       9.72638      38.91261
       9.76238      39.00797
       9.79938      39.10760
       9.83538      39.21520
       9.87238      39.32756
       9.90838      39.43757
       9.94438      39.55479
       9.98138      39.68149
      10.01738      39.79501
      10.05438      39.88327
      10.09038      39.96260
      10.12638      40.05381
      10.16338      40.16642
      10.19938      40.30197
      10.23638      40.45512
      10.27238      40.61133
      10.30938      40.75738
      10.34538      40.89727
      10.38138      41.03911
      10.41838      41.17665
      10.45438      41.30402
      10.49138      41.43053
      10.52738      41.56744
      10.56338      41.70965
      10.60038      41.83612
      10.63638      41.94116
      10.67338      42.04469
      10.70938      42.15426
      10.74538      42.25484
      10.78238      42.34238
      10.81838      42.43701
      10.85538      42.56038
      10.89138      42.71082
      10.92738      42.86159
      10.96438      42.99712
      11.00038      43.13030
      11.03738      43.27062
      11.07338      43.41325
      11.10938      43.54844
      11.14638      43.66833
      11.18238      43.78096
      11.21938      43.89974
      11.25538      44.01971
      11.29238      44.13021
      11.32838      44.23377
      11.36438      44.33290
      11.40138      44.42496
      11.43738      44.51764
      11.47438      44.62460
      11.51038      44.74868
      11.54638      44.88780
      11.58338      45.03888
      11.61938      45.19442
      11.65638      45.34675
      11.69238      45.47981
      11.72838      45.58284
      11.76538      45.67108
      11.80138      45.77304
      11.83838      45.90572
      11.87438      46.05714
      11.91038      46.19850
      11.94738      46.31245
      11.98338      46.41493
      12.02038      46.54218
      12.05638      46.69799
      12.09338      46.84488
      12.12938      46.95804
      12.16538      47.04816
      12.20238      47.13961
      12.23838      47.25360
      12.27538      47.40300
      12.31138      47.57851
      12.34738      47.74945
      12.38438      47.89530
      12.42038      48.02155
      12.45738      48.15291
      12.49338      48.31187
      12.52938      48.48256
      12.56638      48.62919
      12.60238      48.75489
      12.63938      48.89052
      12.67538      49.04545
      12.71138      49.19861
      12.74838      49.33814
      12.78438      49.47515
      12.82138      49.60789
      12.85738      49.72191
      12.89438      49.82039
      12.93038      49.92494
      12.96638      50.05084
      13.00338      50.19418
      13.03938      50.33874
      13.07638      50.47114
      13.11238      50.58498
      13.14838      50.68650
      13.18538      50.79423
      13.22138      50.91977
      13.25838      51.06466
      13.29438      51.22156
      13.33038      51.37952
      13.36738      51.53639
      13.40338      51.68608
      13.44038      51.82220
      13.47638      51.95099
      13.51238      52.07702
      13.54938      52.20678
      13.58538      52.34969
      13.62238      52.49417
      13.65838      52.61940
      13.69538      52.73070
      13.73138      52.84333
      13.76738      52.95687
      13.80438      53.07196
      13.84038      53.19442
      13.87738      53.31770
      13.91338      53.42491
      13.94938      53.50848
      13.98638      53.57973
      14.02238      53.65814
      14.05938      53.74920
      14.09538      53.84293
      14.13138      53.93627
      14.16838      54.03806
      14.20438      54.15228
      14.24138      54.27268
      14.27738      54.39287
      14.31338      54.51105
      14.35038      54.62737
      14.38638      54.74334
      14.42338      54.87417
      14.45938      55.03220
      14.49538      55.18949
      14.53238      55.31390
      14.56838      55.41593
      14.60538      55.52539
      14.64138      55.66009
      14.67838      55.81637
      14.71438      55.97710
      14.75038      56.13442
      14.78738      56.29638
      14.82338      56.46288
      14.86038      56.61356
      14.89638      56.74634
      14.93238      56.87923
      14.96938      57.01165
      15.00538      57.13235
      15.04238      57.23562
      15.07838      57.32862
      15.11438      57.42835
      15.15138      57.53787
      15.18738      57.64347
      15.22438      57.73449
      15.26038      57.81128
      15.29638      57.88367
      15.33338      57.96144
      15.36938      58.04586
      15.40638      58.14189
      15.44238      58.26100
      15.47938      58.40466
      15.51538      58.57926
      15.55138      58.79595
      15.58838      59.03291
      15.62438      59.24731
      15.66138      59.41735
      15.69738      59.55050
      15.73338      59.67351
      15.77038      59.81051
      15.80638      59.96148
      15.84338      60.11314
      15.87938      60.26143
      15.91538      60.40976
      15.95238      60.55684
      15.98838      60.69910
      16.02538      60.83689
      16.06138      60.97577
      16.09738      61.11443
      16.13438      61.24503
      16.17038      61.35888
      16.20738      61.45435
      16.24338      61.54062
      16.28038      61.62534
      16.31638      61.71545
      16.35238      61.81195
      16.38938      61.90569
      16.42538      61.98495
      16.46238      62.04544
      16.49838      62.09273
      16.53438      62.13344
      16.57138      62.17028
      16.60738      62.20681
      16.64438      62.24453
      16.68038      62.27768
      16.71638      62.30599
      16.75338      62.33855
      16.78938      62.37843
      16.82638      62.42158
      16.86238      62.46341
      16.89838      62.49936
      16.93538      62.52965
      16.97138      62.55470
      17.00838      62.57447
      17.04438      62.59826
      17.08138      62.63807
      17.11738      62.69517
      17.15338      62.75831
      17.19038      62.81188
      17.22638      62.85101
      17.26338      62.88432
      17.29938      62.92059
      17.33538      62.96022
      17.37238      62.99914
      17.40838      63.04714
      17.44538      63.12460
      17.48138      63.21588
      17.51738      63.27892
      17.55438      63.30730
      17.59038      63.32172
      17.62738      63.33692
      17.66338      63.35684
      17.69938      63.37476
      17.73638      63.38498
      17.77238      63.39057
      17.80938      63.39771
      17.84538      63.40963
      17.88238      63.42442
      17.91838      63.43655
      17.95438      63.44267
      17.99138      63.44534
      18.02738      63.44902
      18.06438      63.45609
      18.10038      63.46886
      18.13638      63.48684
      18.17338      63.50237
      18.20938      63.51072
      18.24638      63.51559
      18.28238      63.51956
      18.31838      63.52242
      18.35538      63.52711
      18.39138      63.53780
      18.42838      63.55337
      18.46438      63.56726
      18.50038      63.57502
      18.53738      63.57882
      18.57338      63.58405
      18.61038      63.59414
      18.64638      63.60735
      18.68238      63.61795
      18.71938      63.62539
      18.75538      63.63516
      18.79238      63.64689
      18.82838      63.65615
      18.86538      63.66453
      18.90138      63.67524
      18.93738      63.68652
      18.97438      63.69583
      19.01038      63.70532
      19.04738      63.71901
      19.08338      63.73472
      19.11938      63.74860
      19.15638      63.76162
      19.19238      63.77264
      19.22938      63.78021
      19.26538      63.78767
      19.30138      63.79858
      19.33838      63.81512
      19.37438      63.83563
      19.41138      63.85439
      19.44738      63.86929
      19.48338      63.88303
      19.52038      63.90014
      19.55638      63.92682
      19.59338      63.96100
      19.62938      63.98726
      19.66638      63.99770
      19.70238      63.99962
      19.73838      63.99977
      19.77538      63.99978
      19.81138      63.99978
      19.84838      63.99978
      19.88438      63.99978
      19.92038      63.99978
      19.95738      63.99978
      19.99338      63.99978
      20.03038      63.99978
      20.06638      63.99978
      20.10238      63.99978
      20.13938      63.99978
      20.17538      63.99978
      20.21238      63.99978
      20.24838      63.99978
      20.28438      63.99978
      20.32138      63.99978
      20.35738      63.99978
      20.39438      63.99978
      20.43038      63.99978
      20.46738      63.99978
      20.50338      63.99978
      20.53938      63.99978
      20.57638      63.99978
      20.61238      63.99978
      20.64938      63.99978
      20.68538      63.99978
      20.72138      63.99978
      20.75838      63.99978
      20.79438      63.99978
      20.83138      63.99978
      20.86738      63.99978
      20.90338      63.99978
      20.94038      63.99978
      20.97638      63.99978
      21.01338      63.99978
      21.04938      63.99978
      21.08538      63.99978
      21.12238      63.99978
      21.15838      63.99978
      21.19538      63.99978
      21.23138      63.99978
