#K-Path     Band-1    Band-2    Band-3    Band-4      ...     Band-n
  0.0000  -13.4875  -10.3232  -10.3232   -3.0793   -2.8183   -2.8183   -1.7181   -1.7181   -0.9092    0.8778    0.8778    1.4410    4.9332    4.9332    5.7931    6.2034    6.2034    6.4531    6.4869    7.3967    7.3968   10.2573   10.2573   14.7978   14.7978   14.8899   15.4898   16.3659   16.3659   17.1014   17.1235   17.4411
  0.0423  -13.4830  -10.3245  -10.3221   -3.1261   -2.8556   -2.8246   -1.7000   -1.6636   -0.8965    0.8566    0.8739    1.4314    4.9260    4.9283    5.8137    6.1962    6.2103    6.4398    6.5157    7.4450    7.4536   10.2752   10.2764   14.6339   14.7056   15.0119   15.5468   16.3224   16.3319   17.0448   17.1082   17.3112
  0.0846  -13.4696  -10.3288  -10.3191   -3.2522   -2.9451   -2.8478   -1.6502   -1.5298   -0.8597    0.7964    0.8628    1.4063    4.8976    4.9146    5.8682    6.1897    6.2269    6.4312    6.6008    7.5783    7.6027   10.3270   10.3362   14.3976   14.5015   15.1123   15.6395   16.1998   16.2635   16.8330   17.1102   17.1744
  0.1269  -13.4474  -10.3364  -10.3140   -3.4268   -3.0576   -2.8907   -1.5787   -1.3692   -0.8050    0.7113    0.8459    1.3738    4.8315    4.8987    5.9297    6.2063    6.2692    6.4772    6.7360    7.7676    7.8133   10.4099   10.4397   14.1262   14.2666   15.1363   15.6577   16.0318   16.2082   16.5895   16.9605   17.1725
  0.1692  -13.4164  -10.3478  -10.3069   -3.6217   -3.1803   -2.9504   -1.4968   -1.2206   -0.7501    0.6308    0.8257    1.3411    4.7203    4.8893    5.9724    6.2366    6.3943    6.5895    6.9119    7.9784    8.0760   10.5214   10.5891   13.8311   14.0286   15.0733   15.5503   15.8444   16.1201   16.3826   16.7558   17.1530
  0.2115  -13.3771  -10.3640  -10.2980   -3.8186   -3.3078   -3.0221   -1.4140   -1.1025   -0.7328    0.5980    0.8051    1.3144    4.5724    4.8941    6.0033    6.3053    6.5739    6.7645    7.1204    8.1905    8.3846   10.6590   10.7830   13.5280   13.7931   14.9252   15.3459   15.6379   15.8792   16.2124   16.5815   17.1355
  0.2538  -13.3296  -10.3859  -10.2874   -4.0068   -3.4364   -3.1008   -1.3391   -1.0164   -0.7910    0.6426    0.7887    1.3025    4.4024    4.9197    6.0392    6.4193    6.7701    6.9988    7.3557    8.3974    8.7317   10.8197   11.0147   13.2326   13.5633   14.6963   15.0638   15.4001   15.5849   15.9888   16.4389   17.2068
  0.2961  -13.2745  -10.4142  -10.2752   -4.1796   -3.5632   -3.1828   -1.2854   -0.9580   -0.9183    0.7234    0.7995    1.3243    4.2232    4.9708    6.0936    6.5694    6.9760    7.2754    7.6135    8.5984    9.1102   10.9987   11.2661   12.9658   13.3444   14.3900   14.7049   15.1173   15.3293   15.7741   16.2841   17.3445
  0.3384  -13.2122  -10.4499  -10.2617   -4.3328   -3.6858   -3.2647   -1.3020   -1.0474   -0.9163    0.7372    0.8751    1.4160    4.0441    5.0508    6.1739    6.7463    7.1938    7.5765    7.8905    8.7960    9.5121   11.1876   11.4943   12.7705   13.1449   14.0140   14.2923   14.8179   15.1179   15.5873   16.1263   17.4505
  0.3807  -13.1435  -10.4934  -10.2473   -4.4636   -3.8023   -3.3439   -1.4645   -1.0720   -0.8933    0.7326    0.9198    1.5968    3.8711    5.1617    6.2835    6.9427    7.4227    7.8914    8.1835    8.9949    9.9255   11.3696   11.6137   12.7312   12.9788   13.5880   13.8628   14.5318   14.9206   15.4189   15.9700   17.2886
  0.4230  -13.0692  -10.5447  -10.2322   -4.5704   -3.9110   -3.4183   -1.6970   -1.0544   -0.8819    0.7291    0.9256    1.8358    3.7082    5.3039    6.4235    7.1529    7.6585    8.2138    8.4893    9.2002   10.3259   11.4960   11.5992   12.8575   12.8906   13.1359   13.4716   14.2599   14.7227   15.2579   15.8073   16.9024
  0.4653  -12.9906  -10.6036  -10.2170   -4.6526   -4.0103   -3.4861   -1.9458   -1.0377   -0.8781    0.7277    0.9133    2.0980    3.5582    5.4767    6.5939    7.3722    7.8950    8.5393    8.8035    9.4168   10.6458   11.4623   11.6330   12.6728   12.7501   13.0389   13.3485   13.9986   14.5204   15.0951   15.6162   16.5275
  0.5076  -12.9091  -10.6688  -10.2020   -4.7110   -4.0990   -3.5455   -2.1952   -1.0297   -0.8781    0.7280    0.8940    2.3628    3.4230    5.6781    6.7935    7.5964    8.1229    8.8625    9.1208    9.6491   10.7446   11.4864   11.6221   12.2250   12.5671   13.1233   13.5928   13.7574   14.3329   14.9221   15.3694   16.2397
  0.5499  -12.8266  -10.7386  -10.1878   -4.7473   -4.1755   -3.5947   -2.4378   -1.0309   -0.8793    0.7292    0.8729    2.6175    3.3038    5.9047    7.0209    7.8217    8.3297    9.1734    9.4345    9.8989   10.6411   11.4705   11.5174   11.8255   12.5919   13.2233   13.6156   13.7211   14.2622   14.7348   15.0967   16.0547
  0.5922  -12.7457  -10.8100  -10.1748   -4.7647   -4.2385   -3.6317   -2.6684   -1.0388   -0.8805    0.7309    0.8524    2.8524    3.2018    6.1514    7.2736    8.0448    8.4986    9.4462    9.7403   10.1571   10.4917   11.1936   11.3291   11.6278   12.8755   13.0739   13.5629   13.7905   14.2414   14.5059   15.0134   15.9395
  0.6345  -12.6696  -10.8795  -10.1634   -4.7678   -4.2869   -3.6539   -2.8827   -1.0502   -0.8816    0.7326    0.8339    3.0583    3.1186    6.4107    7.5486    8.2620    8.6111    9.6193   10.0312   10.3235   10.4268   10.9015   11.0892   11.6168   12.8043   13.1049   13.4712   13.8471   14.1636   14.3187   15.1875   15.8387
  0.6768  -12.6025  -10.9423  -10.1541   -4.7625   -4.3202   -3.6582   -3.0764   -1.0620   -0.8826    0.7343    0.8183    3.0505    3.2316    6.6705    7.8404    8.4686    8.6547    9.6255   10.1003   10.3926   10.4282   10.8581   11.0423   11.6884   12.5327   12.8769   13.5009   13.7707   13.9528   14.6425   15.3462   15.7196
  0.7191  -12.5490  -10.9932  -10.1472   -4.7543   -4.3395   -3.6409   -3.2447   -1.0719   -0.8836    0.7358    0.8065    3.0032    3.3598    6.9101    8.1353    8.6253    8.6717    9.5046    9.8289   10.3052   10.6972   10.9663   11.2506   11.8246   12.2773   12.5797   13.1288   13.5636   14.2501   15.0170   15.4156   15.6466
  0.7614  -12.5143  -11.0266  -10.1429   -4.7479   -4.3481   -3.6005   -3.3804   -1.0784   -0.8843    0.7369    0.7990    2.9747    3.4396    7.0928    8.3684    8.6392    8.8135    9.3225    9.5678   10.2219   10.9501   11.1346   11.4593   11.9218   12.1686   12.3268   12.7576   13.3430   14.5360   15.2702   15.4288   15.7024
  0.8037  -12.5021  -11.0383  -10.1414   -4.7455   -4.3503   -3.5622   -3.4514   -1.0807   -0.8845    0.7373    0.7964    2.9651    3.4666    7.1643    8.4181    8.7398    8.8631    9.1903    9.4647   10.1908   11.0650   11.2297   11.5325   11.8738   12.2139   12.3408   12.4825   13.2535   14.6460   15.3231   15.4281   15.7737
  0.8037  -12.5021  -11.0383  -10.1414   -4.7455   -4.3503   -3.5622   -3.4514   -1.0807   -0.8845    0.7373    0.7964    2.9651    3.4666    7.1643    8.4181    8.7398    8.8631    9.1903    9.4647   10.1908   11.0650   11.2297   11.5325   11.8738   12.2139   12.3408   12.4825   13.2535   14.6460   15.3231   15.4281   15.7732
  0.8281  -12.5013  -11.0371  -10.1437   -4.7439   -4.3511   -3.5604   -3.4499   -1.0956   -0.9050    0.7523    0.8185    2.9745    3.4644    7.1462    8.3757    8.7455    8.8680    9.1988    9.4957   10.1910   11.0515   11.2052   11.5457   11.8976   12.2231   12.3408   12.4915   13.2650   14.6247   15.2581   15.4273   15.8385
  0.8525  -12.4986  -11.0338  -10.1504   -4.7392   -4.3533   -3.5550   -3.4453   -1.1389   -0.9635    0.7958    0.8816    3.0025    3.4578    7.0939    8.2687    8.7594    8.8691    9.2244    9.5818   10.1923   11.0189   11.1431   11.5759   11.9538   12.2519   12.3461   12.5185   13.2982   14.5640   15.1207   15.4285   15.9750
  0.8769  -12.4943  -11.0282  -10.1615   -4.7314   -4.3569   -3.5460   -3.4378   -1.2067   -1.0520    0.8642    0.9779    3.0486    3.4468    7.0136    8.1275    8.7742    8.8525    9.2658    9.7059   10.1965   10.9826   11.0641   11.6062   12.0102   12.3015   12.3718   12.5645   13.3497   14.4721   14.9639   15.4375   16.1303
  0.9014  -12.4883  -11.0204  -10.1769   -4.7205   -4.3615   -3.5336   -3.4273   -1.2942   -1.1619    0.9530    1.0983    3.1117    3.4315    6.9122    7.9700    8.7833    8.8172    9.3180    9.8495   10.2063   10.9554   10.9836   11.6261   12.0406   12.3669   12.4335   12.6331   13.4150   14.3596   14.8060   15.4569   16.2702
  0.9258  -12.4807  -11.0105  -10.1964   -4.7066   -4.3669   -3.5178   -3.4139   -1.3965   -1.2857    1.0576    1.2350    3.1907    3.4119    6.7965    7.8052    8.7673    8.7834    9.3716    9.9967   10.2252   10.9123   10.9476   11.6340   12.0432   12.4363   12.5275   12.7296   13.4889   14.2367   14.6558   15.4860   16.3628
  0.9502  -12.4717  -10.9984  -10.2198   -4.6900   -4.3728   -3.4987   -3.3977   -1.5094   -1.4175    1.1743    1.3818    3.2841    3.3880    6.6716    7.6377    8.7066    8.7740    9.4156   10.1338   10.2543   10.8600   10.9682   11.6335   12.0316   12.4989   12.6370   12.8544   13.5648   14.1128   14.5218   15.5228   16.4274
  0.9746  -12.4613  -10.9843  -10.2468   -4.6708   -4.3788   -3.4765   -3.3787   -1.6296   -1.5531    1.2998    1.5340    3.3601    3.3902    6.5418    7.4700    8.6392    8.7560    9.4410   10.2485   10.2894   10.8376   11.0251   11.6299   12.0171   12.5513   12.7476   12.9989   13.6325   13.9984   14.4165   15.5648   16.4469
  0.9990  -12.4498  -10.9682  -10.2772   -4.6493   -4.3847   -3.4511   -3.3571   -1.7544   -1.6895    1.4317    1.6880    3.3282    3.5074    6.4103    7.3037    8.5685    8.7309    9.4439   10.3200   10.3343   10.8573   11.1197   11.6287   12.0060   12.5932   12.8485   13.1468   13.6771   13.9087   14.3583   15.6099   16.4185
  1.0235  -12.4373  -10.9502  -10.3106   -4.6257   -4.3900   -3.4228   -3.3329   -1.8815   -1.8242    1.5677    1.8405    3.2924    3.6339    6.2795    7.1397    8.4978    8.7002    9.4252   10.3377   10.3936   10.9238   11.2411   11.6374   12.0022   12.6233   12.9295   13.2714   13.6886   13.8710   14.3626   15.6557   16.3207
  1.0479  -12.4240  -10.9304  -10.3465   -4.6003   -4.3946   -3.3917   -3.3065   -2.0094   -1.9552    1.7056    1.9889    3.2531    3.7678    6.1517    6.9789    8.4303    8.6657    9.3881   10.3447   10.4345   11.0290   11.3650   11.6699   12.0084   12.6393   12.9785   13.3411   13.6806   13.9202   14.4234   15.6997   16.1511
  1.0723  -12.4104  -10.9089  -10.3845   -4.5738   -4.3983   -3.3577   -3.2779   -2.1364   -2.0806    1.8434    2.1308    3.2106    3.9073    6.0287    6.8215    8.3689    8.6295    9.3362   10.3486   10.4645   11.1579   11.4573   11.7480   12.0273   12.6402   12.9844   13.3616   13.6816   14.0544   14.5167   15.7386   15.9302
  1.0967  -12.3966  -10.8857  -10.4240   -4.5467   -4.4010   -3.3210   -3.2477   -2.2614   -2.1988    1.9789    2.2635    3.1651    4.0506    5.9128    6.6679    8.3162    8.5935    9.2731   10.3553   10.4882   11.2966   11.5088   11.8663   12.0619   12.6320   12.9468   13.3715   13.7082   14.2360   14.6131   15.6961   15.7661
  1.1211  -12.3830  -10.8611  -10.4646   -4.5195   -4.4028   -3.2817   -3.2163   -2.3831   -2.3081    2.1097    2.3847    3.1175    4.1953    5.8062    6.5184    8.2745    8.5594    9.2021   10.3675   10.5080   11.4327   11.5422   11.9808   12.1161   12.6349   12.8780   13.3941   13.7569   14.4363   14.6704   15.4998   15.7688
  1.1456  -12.3702  -10.8352  -10.5055   -4.4932   -4.4038   -3.2399   -3.1842   -2.5004   -2.4063    2.2332    2.4917    3.0687    4.3385    5.7124    6.3730    8.2462    8.5281    9.1268   10.3860   10.5245   11.5555   11.5728   12.0462   12.1936   12.6817   12.7936   13.4352   13.8148   14.6259   14.6358   15.4125   15.7226
  1.1700  -12.3584  -10.8081  -10.5462   -4.4687   -4.4043   -3.1958   -3.1524   -2.6122   -2.4914    2.3469    2.5811    3.0206    4.4756    5.6365    6.2319    8.2328    8.4996    9.0511   10.4100   10.5375   11.6069   11.6574   12.0459   12.2953   12.7066   12.7870   13.4937   13.8610   14.4780   14.8061   15.4526   15.6222
  1.1944  -12.3483  -10.7799  -10.5858   -4.4471   -4.4046   -3.1498   -3.1220   -2.7170   -2.5608    2.4480    2.6482    2.9768    4.5990    5.5869    6.0952    8.2357    8.4722    8.9804   10.4381   10.5458   11.6472   11.7352   12.0007   12.4138   12.6286   12.9297   13.5673   13.8461   14.3347   14.8767   15.5534   15.5599
  1.2188  -12.3403  -10.7509  -10.6237   -4.4294   -4.4051   -3.1031   -3.0942   -2.8128   -2.6119    2.5344    2.6856    2.9440    4.6968    5.5758    5.9630    8.2557    8.4414    8.9215   10.4681   10.5478   11.6945   11.7892   11.9370   12.5099   12.5951   13.0829   13.6518   13.7095   14.3036   14.7790   15.6244   15.6900
  1.2432  -12.3352  -10.7213  -10.6590   -4.4166   -4.4066   -3.0698   -3.0607   -2.8935   -2.6428    2.6039    2.6864    2.9289    4.7567    5.6162    5.8352    8.2929    8.4013    8.8823   10.4977   10.5412   11.7492   11.8189   11.8710   12.4960   12.6800   13.2278   13.5094   13.7344   14.3589   14.5958   15.7839   15.8199
  1.2677  -12.3333  -10.6912  -10.6912   -4.4096   -4.4096   -3.0485   -3.0485   -2.9323   -2.6528    2.6555    2.6555    2.9266    4.7751    5.7119    5.7119    8.3469    8.3469    8.8688   10.5239   10.5239   11.8017   11.8215   11.8215   12.4830   12.7327   13.3501   13.3501   13.7761   14.4463   14.4464   15.9355   15.9533
  1.2677  -12.3333  -10.6912  -10.6912   -4.4096   -4.4096   -3.0485   -3.0485   -2.9323   -2.6528    2.6555    2.6555    2.9266    4.7751    5.7119    5.7119    8.3469    8.3469    8.8688   10.5239   10.5239   11.8017   11.8215   11.8215   12.4830   12.7327   13.3501   13.3501   13.7761   14.4463   14.4464   15.9355   15.9435
  1.3165  -12.3417  -10.7431  -10.6304   -4.4227   -4.4138   -3.1458   -3.0046   -2.8495   -2.6191    2.5466    2.7036    2.9159    4.7269    5.4794    6.0281    8.1980    8.4999    8.9163   10.4497   10.5545   11.7261   11.7304   11.9566   12.4817   12.5805   13.3392   13.3913   13.7236   14.5300   14.6402   15.3893   16.0113
  1.3653  -12.3687  -10.7750  -10.5702   -4.4483   -4.4390   -3.2314   -2.9382   -2.7230   -2.5379    2.4151    2.6832    2.8650    4.6315    5.2661    6.4363    8.0226    8.6975    9.0291   10.3231   10.5421   11.4365   11.7016   12.0980   12.2875   12.7188   12.9304   13.5966   13.8638   14.7678   14.8144   14.8867   15.8671
  1.4142  -12.4154  -10.7854  -10.5126   -4.4861   -4.4748   -3.2759   -2.8382   -2.5818   -2.4305    2.2766    2.6061    2.7713    4.5250    5.0732    6.8773    7.8547    8.9108    9.1617   10.1619   10.4775   11.0118   11.6417   12.1270   12.2622   12.7078   12.9517   13.7229   13.9126   14.4232   14.7262   15.2237   15.8920
  1.4630  -12.4805  -10.7752  -10.4591   -4.5304   -4.5089   -3.2828   -2.7077   -2.4281   -2.3073    2.1367    2.4846    2.6424    4.4212    4.9022    7.2479    7.7757    9.0924    9.2638    9.9947   10.2923   10.6962   11.3709   12.1252   12.3143   12.8117   13.2488   13.5917   13.6528   14.4384   14.6620   15.5390   16.0577
  1.5119  -12.5605  -10.7479  -10.4112   -4.5725   -4.5304   -3.2613   -2.5554   -2.2621   -2.1722    1.9983    2.3287    2.4876    4.3284    4.7546    7.2916    8.0013    9.1677    9.2692    9.8423    9.9764   10.6482   11.0190   12.2258   12.3409   12.7820   13.4189   13.4237   13.6151   14.5963   14.6818   15.5758   15.8532
  1.5607  -12.6509  -10.7081  -10.3704   -4.6032   -4.5316   -3.2212   -2.3922   -2.0840   -2.0249    1.8632    2.1445    2.3154    4.2536    4.6323    7.1574    8.2776    9.0854    9.1228    9.6470    9.8207   10.7338   10.8196   12.1963   12.2412   12.5621   13.2794   13.6780   13.9981   14.6431   14.6554   15.2653   15.5993
  1.6096  -12.7474  -10.6607  -10.3373   -4.6150   -4.5073   -3.1709   -2.2298   -1.8947   -1.8629    1.7314    1.9364    2.1341    4.2027    4.5369    7.0006    8.2653    8.8820    8.9452    9.3372    9.9198   10.8190   10.8795   11.7964   12.0366   12.6970   13.2642   13.9681   14.1976   14.4773   14.6646   15.3123   15.6083
  1.6584  -12.8461  -10.6098  -10.3123   -4.6025   -4.4550   -3.1170   -2.0796   -1.6959   -1.6836    1.6007    1.7078    1.9528    4.1801    4.4701    6.8464    7.9870    8.5932    8.7903    8.9890   10.0868   10.8065   11.0755   11.4710   11.9145   12.8898   13.2294   13.8110   14.0529   14.7049   15.0824   15.5311   15.7626
  1.7072  -12.9437  -10.5591  -10.2953   -4.5620   -4.3735   -3.0640   -1.9484   -1.4909   -1.4890    1.4629    1.4659    1.7835    4.1883    4.4332    6.7009    7.6404    8.2368    8.5933    8.6715   10.0340   10.5180   11.3804   11.4515   12.0154   13.0001   13.0307   13.5830   14.0631   15.1746   15.5678   15.7871   15.9756
  1.7561  -13.0376  -10.5112  -10.2857   -4.4914   -4.2635   -3.0150   -1.8379   -1.2871   -1.2863    1.2088    1.3206    1.6395    4.2276    4.4266    6.5668    7.3017    7.8538    8.3498    8.3807    9.7751   10.0957   11.5313   11.6522   12.3570   12.8026   12.9015   13.6604   14.2278   15.6617   15.9705   16.0409   16.2766
  1.8049  -13.1257  -10.4680  -10.2823   -4.3900   -4.1266   -2.9717   -1.7476   -1.0937   -1.0911    0.9576    1.1668    1.5280    4.2961    4.4500    6.4454    6.9939    7.4806    8.0670    8.0972    9.4473    9.6642   11.5062   11.6628   12.6810   12.8366   12.9770   13.8985   14.4589   16.0043   16.1880   16.2805   16.4964
  1.8538  -13.2065  -10.4305  -10.2839   -4.2585   -3.9656   -2.9350   -1.6770   -0.9353   -0.9181    0.7317    1.0199    1.4466    4.3896    4.5014    6.3380    6.7258    7.1367    7.7543    7.8133    9.1138    9.2516   11.3359   11.4450   12.8736   12.9425   13.5946   14.1766   14.7246   16.0669   16.2921   16.5641   16.7940
  1.9026  -13.2786  -10.3992  -10.2891   -4.0988   -3.7845   -2.9047   -1.6261   -0.8498   -0.7893    0.5694    0.9024    1.3906    4.5013    4.5764    6.2457    6.5022    6.8331    7.4271    7.5310    8.7928    8.8650   11.0970   11.1629   13.1481   13.1629   14.2493   14.4637   15.0183   16.0527   16.3193   16.7499   17.0694
  1.9514  -13.3410  -10.3740  -10.2964   -3.9145   -3.5885   -2.8806   -1.5960   -0.8806   -0.7248    0.5132    0.8338    1.3584    4.6209    4.6672    6.1677    6.3277    6.5788    7.1069    7.2587    8.4854    8.5059   10.8564   10.8941   13.4367   13.4579   14.7397   14.8603   15.3594   16.0294   16.2945   16.8311   17.2985
  2.0003  -13.3930  -10.3546  -10.3043   -3.7116   -3.3848   -2.8618   -1.5889   -1.0274   -0.7290    0.5617    0.8173    1.3505    4.7348    4.7617    6.0889    6.2199    6.3829    6.8193    7.0088    8.1759    8.1902   10.6452   10.6652   13.7330   13.7815   14.9741   15.3158   15.8068   16.0261   16.2409   16.8675   17.4508
  2.0491  -13.4341  -10.3403  -10.3118   -3.5001   -3.1842   -2.8472   -1.6069   -1.2406   -0.7807    0.6648    0.8334    1.3662    4.8282    4.8439    5.9907    6.1935    6.2552    6.5930    6.7953    7.8805    7.9108   10.4763   10.4857   14.0348   14.1060   15.1175   15.5813   16.0775   16.1745   16.3276   16.9066   17.4730
  2.0980  -13.4637  -10.3306  -10.3179   -3.2982   -3.0034   -2.8353   -1.6479   -1.4648   -0.8448    0.7720    0.8566    1.3977    4.8911    4.8997    5.8935    6.1987    6.2093    6.4598    6.6306    7.6334    7.6609   10.3547   10.3582   14.3289   14.4158   15.1316   15.6511   16.1931   16.2140   16.7494   16.9761   17.3946
  2.1468  -13.4815  -10.3250  -10.3218   -3.1409   -2.8695   -2.8245   -1.6956   -1.6453   -0.8923    0.8497    0.8725    1.4284    4.9237    4.9264    5.8205    6.1954    6.2109    6.4378    6.5246    7.4606    7.4717   10.2816   10.2824   14.6008   14.6775   15.0318   15.5618   16.3148   16.3156   17.0427   17.0691   17.3514
  2.1957  -13.4875  -10.3232  -10.3232   -3.0793   -2.8183   -2.8183   -1.7181   -1.7181   -0.9092    0.8778    0.8778    1.4410    4.9332    4.9332    5.7931    6.2034    6.2034    6.4531    6.4869    7.3967    7.3968   10.2573   10.2573   14.7978   14.7978   14.8899   15.4898   16.3659   16.3659   17.1017   17.1261   17.4592
  2.1957  -13.4875  -10.3232  -10.3232   -3.0793   -2.8183   -2.8183   -1.7181   -1.7181   -0.9092    0.8778    0.8778    1.4410    4.9332    4.9332    5.7931    6.2034    6.2034    6.4531    6.4869    7.3967    7.3968   10.2573   10.2573   14.7978   14.7978   14.8899   15.4898   16.3659   16.3659   17.1027   17.1252   17.4436
  2.2234  -13.4851  -10.4655  -10.1803   -3.0779   -2.8745   -2.7670   -1.7208   -1.7107   -0.9094    0.8704    0.8762    1.4336    4.8856    4.9885    5.8051    6.1304    6.2821    6.3201    6.6281    7.2689    7.5479    9.9595   10.5664   14.4741   14.7465   15.0964   15.6267   16.0596   16.6802   16.8091   17.1278   17.2780
  2.2511  -13.4778  -10.6071  -10.0376   -3.0735   -2.9350   -2.7209   -1.7185   -1.6991   -0.9101    0.8539    0.8659    1.4118    4.8411    5.0550    5.8407    6.0753    6.1805    6.3474    6.7925    7.1799    7.7139    9.6743   10.8862   14.1416   14.4707   15.2971   15.8224   15.8671   16.5271   16.8306   16.9174   17.0619
  2.2789  -13.4657  -10.7475   -9.8953   -3.0664   -2.9994   -2.6805   -1.7106   -1.6838   -0.9112    0.8291    0.8475    1.3765    4.7951    5.1351    5.8958    6.0464    6.0527    6.3736    6.9647    7.1524    7.8893    9.4033   11.2157   13.8062   14.1650   15.1973   15.8021   15.9615   16.4167   16.6148   16.6661   17.3201
  2.3066  -13.4487  -10.8863   -9.7542   -3.0671   -3.0565   -2.6461   -1.6971   -1.6654   -0.9128    0.7966    0.8222    1.3291    4.7441    5.2299    5.9036    6.0023    6.0486    6.3451    7.1441    7.1999    8.0687    9.1503   11.5543   13.4702   13.8518   14.9121   15.7355   15.7463   16.3634   16.6207   16.6316   17.6104
  2.3344  -13.4269  -11.0233   -9.6149   -3.1374   -3.0439   -2.6177   -1.6778   -1.6442   -0.9149    0.7579    0.7910    1.2712    4.6864    5.3397    5.7995    6.0835    6.0925    6.2727    7.3097    7.3301    8.2404    8.9263   11.9010   13.1353   13.5380   14.5918   15.4301   15.5152   16.0544   16.8402   16.9254   17.8844
  2.3621  -13.4003  -11.1581   -9.4780   -3.2098   -3.0287   -2.5953   -1.6528   -1.6209   -0.9177    0.7142    0.7555    1.2048    4.6226    5.4640    5.6951    6.1502    6.1771    6.2095    7.4600    7.5225    8.3540    8.7814   12.2546   12.8023   13.2267   14.2649   15.1109   15.2182   15.7425   17.1375   17.2301   18.1371
  2.3898  -13.3688  -11.2906   -9.3444   -3.2835   -3.0111   -2.5787   -1.6225   -1.5959   -0.9212    0.6671    0.7167    1.1319    4.5547    5.5987    5.6016    6.0727    6.2459    6.3425    7.6354    7.7206    8.2934    8.8315   12.4721   12.6125   12.9204   13.9402   14.7887   14.9033   15.4293   17.4594   17.5331   18.3629
  2.4176  -13.3326  -11.4205   -9.2149   -3.3577   -2.9913   -2.5676   -1.5874   -1.5698   -0.9255    0.6182    0.6762    1.0543    4.4852    5.5113    5.7493    5.9692    6.3670    6.4881    7.8274    7.9239    8.1290    9.0066   12.1452   12.6209   12.9641   13.6294   14.4671   14.5860   15.1159   17.7892   17.8288   18.5638
  2.4453  -13.2917  -11.5475   -9.0905   -3.4316   -2.9694   -2.5617   -1.5482   -1.5430   -0.9309    0.5691    0.6351    0.9740    4.4165    5.4333    5.8404    5.9354    6.5102    6.6431    7.9512    8.0312    8.1317    9.2163   11.8222   12.3304   13.1680   13.4707   14.1482   14.2768   14.8031   18.1127   18.1192   18.7367
  2.4731  -13.2460  -11.6716   -8.9723   -3.5041   -2.9457   -2.5604   -1.5161   -1.5056   -0.9375    0.5213    0.5944    0.8927    4.3504    5.3648    5.7537    6.0934    6.6723    6.8040    7.7808    8.2436    8.3430    9.4400   11.5039   12.0515   12.9296   13.7079   13.8335   14.0306   14.4916   18.3810   18.4452   18.8892
  2.5008  -13.1956  -11.7924   -8.8615   -3.5740   -2.9205   -2.5634   -1.4896   -1.4604   -0.9457    0.4763    0.5552    0.8121    4.2887    5.3060    5.6610    6.2705    6.8506    6.9671    7.6237    8.4620    8.5566    9.6717   11.1913   11.7874   12.6316   13.5248   13.5870   14.1821   14.2219   18.6257   18.7598   19.0289
  2.5285  -13.1405  -11.9100   -8.7591   -3.6403   -2.8940   -2.5703   -1.4643   -1.4134   -0.9556    0.4353    0.5183    0.7337    4.2324    5.2570    5.5740    6.4540    7.0423    7.1276    7.4824    8.6840    8.7705    9.9076   10.8869   11.5421   12.3361   13.2241   13.3043   13.8751   14.5958   18.8407   19.0487   19.1428
  2.5563  -13.0808  -12.0240   -8.6667   -3.7015   -2.8664   -2.5806   -1.4407   -1.3656   -0.9676    0.3998    0.4845    0.6589    4.1824    5.2178    5.4940    6.6405    7.2418    7.2797    7.3620    8.9070    8.9824   10.1366   10.6014   11.3211   12.0507   12.9339   13.0187   13.5711   14.9899   19.0149   19.2334   19.2791
  2.5840  -13.0165  -12.1344   -8.5854   -3.7564   -2.8383   -2.5942   -1.4193   -1.3177   -0.9822    0.3709    0.4546    0.5893    4.1394    5.1884    5.4216    6.8266    7.2450    7.4163    7.4654    9.1270    9.1886   10.2061   10.4880   11.1314   11.7797   12.6580   12.7437   13.2709   15.3920   19.1189   19.3144   19.3609
  2.6118  -12.9477  -12.2411   -8.5167   -3.8035   -2.8097   -2.6106   -1.4009   -1.2707   -0.9997    0.3497    0.4292    0.5260    4.1038    5.1689    5.3575    7.0085    7.1581    7.5285    7.6838    9.3386    9.3835    9.9651   10.6986   10.9809   11.5281   12.4024   12.4859   12.9752   15.7988   18.9434   19.3416   19.4187
  2.6395  -12.8744  -12.3439   -8.4618   -3.8417   -2.7812   -2.6296   -1.3858   -1.2253   -1.0205    0.3372    0.4089    0.4704    4.0758    5.1592    5.3018    7.0889    7.1809    7.6068    7.9059    9.5329    9.5594    9.6996   10.8774   10.9495   11.3021   12.1766   12.2531   12.6855   16.2087   18.6077   19.4215   19.4807
  2.6672  -12.7967  -12.4427   -8.4216   -3.8699   -2.7531   -2.6509   -1.3747   -1.1823   -1.0450    0.3341    0.3940    0.4233    4.0557    5.1593    5.2549    7.0390    7.3377    7.6424    8.1211    9.4511    9.6955    9.7054   10.8254   11.1105   11.2046   11.9957   12.0574   12.4055   16.6200   18.2341   19.4874   19.5344
  2.6950  -12.7146  -12.5375   -8.3972   -3.8872   -2.7256   -2.6742   -1.3679   -1.1423   -1.0735    0.3410    0.3849    0.3858    4.0436    5.1690    5.2170    7.0089    7.4708    7.6304    8.3037    9.2481    9.8063    9.8067   10.8233   10.9636   11.4462   11.8808   11.9167   12.1495   17.0309   17.8418   19.5387   19.5673
  2.7227  -12.6282  -12.6281   -8.3890   -3.8930   -2.6992   -2.6992   -1.3656   -1.1060   -1.1059    0.3582    0.3582    0.3819    4.0396    5.1883    5.1883    6.9989    7.5713    7.5713    8.3856    9.1593    9.8450    9.8450   10.8684   10.8684   11.5846   11.8528   11.8528   12.0064   17.4392   17.4392   19.5613   19.5782
  2.7227  -12.6282  -12.6281   -8.3890   -3.8930   -2.6992   -2.6992   -1.3656   -1.1060   -1.1059    0.3582    0.3582    0.3819    4.0396    5.1883    5.1883    6.9989    7.5713    7.5713    8.3856    9.1593    9.8450    9.8450   10.8684   10.8684   11.5846   11.8528   11.8528   12.0064   17.4392   17.4392   19.5618   19.5773
  2.7650  -12.6248  -12.6240   -8.3987   -3.8948   -2.7076   -2.7024   -1.4008   -1.1522   -1.1166    0.3686    0.4012    0.4435    4.0527    5.1636    5.2063    7.0401    7.5330    7.5593    8.3581    9.2042    9.8117    9.8636   10.8292   10.8941   11.4742   11.8859   12.0158   12.0787   17.4375   17.4409   19.1428   19.3584
  2.8073  -12.6149  -12.6114   -8.4274   -3.9008   -2.7333   -2.7134   -1.5056   -1.2536   -1.1475    0.4115    0.4826    0.6261    4.0913    5.0985    5.2594    7.1284    7.4622    7.5248    8.2848    9.3190    9.7164    9.9086   10.7435   10.9672   11.3518   11.9785   12.2601   12.3101   17.4267   17.4417   18.6274   18.8901
  2.8496  -12.5985  -12.5906   -8.4744   -3.9127   -2.7787   -2.7360   -1.6577   -1.3623   -1.1946    0.4835    0.5970    0.8690    4.1535    5.0131    5.3455    7.1081    7.4709    7.5299    8.1855    9.4594    9.5737    9.9551   10.6669   11.0622   11.3262   12.1158   12.5220   12.6397   17.3815   17.4207   18.1016   18.4117
  2.8919  -12.5759  -12.5617   -8.5386   -3.9335   -2.8499   -2.7738   -1.8089   -1.4688   -1.2521    0.5761    0.7372    1.1308    4.2346    4.9290    5.4602    6.9648    7.4030    7.7619    8.0809    9.4011    9.5772    9.9829   10.6453   11.1470   11.4420   12.2821   12.8306   12.9952   17.2240   17.2804   17.6410   18.0210
  2.9342  -12.5476  -12.5249   -8.6185   -3.9675   -2.9543   -2.8261   -1.9208   -1.5732   -1.3132    0.6812    0.8950    1.3856    4.3236    4.8679    5.5957    6.8093    7.3266    7.9846    8.0606    9.2223    9.6265    9.9861   10.7145   11.2618   11.6510   12.4638   13.1734   13.3640   16.8320   16.9141   17.2602   17.6492
  2.9765  -12.5140  -12.4803   -8.7121   -4.0213   -3.0880   -2.8884   -1.9823   -1.6734   -1.3712    0.7924    1.0630    1.6143    4.3980    4.8577    5.7391    6.6835    7.2505    7.9193    8.3784    9.0550    9.6107    9.9679   10.8804   11.4314   11.9036   12.6482   13.5412   13.7335   16.3132   16.4583   16.7889   17.1814
  3.0188  -12.4759  -12.4285   -8.8175   -4.1025   -3.2305   -2.9568   -2.0064   -1.7651   -1.4185    0.9042    1.2350    1.8010    4.4324    4.9241    5.8713    6.6108    7.1900    7.8897    8.6555    8.9533    9.5617    9.9500   11.1161   11.6484   12.1796   12.8206   13.9245   14.0815   15.7814   15.9852   16.2853   16.7243
  3.0611  -12.4339  -12.3699   -8.9326   -4.2171   -3.3584   -3.0287   -2.0199   -1.8400   -1.4453    1.0125    1.4057    1.9334    4.4336    5.0546    5.9768    6.5972    7.1693    7.9086    8.6631    9.1100    9.5064    9.9805   11.3931   11.9017   12.4673   12.9602   14.2859   14.3682   15.2632   15.5493   15.8165   16.3215
  3.1034  -12.3890  -12.3051   -9.0549   -4.3637   -3.4592   -3.1020   -2.0524   -1.8876   -1.4402    1.1133    1.5700    2.0044    4.4258    5.2111    6.0652    6.6223    7.2121    7.9877    8.5609    9.2910    9.4649   10.1396   11.6937   12.1832   12.7542   13.0360   14.3100   14.6704   14.8221   15.1612   15.5363   16.0479
  3.1457  -12.3423  -12.2349   -9.1822   -4.5322   -3.5328   -3.1750   -2.1087   -1.9163   -1.3949    1.2029    1.7233    2.0151    4.4217    5.3541    6.1689    6.6737    7.3144    8.1341    8.4688    9.3433    9.4551   10.4594   12.0053   12.4874   13.0025   13.0219   13.9855   14.2915   14.7255   15.1451   15.4692   16.0658
  3.1880  -12.2949  -12.1603   -9.3119   -4.7095   -3.5855   -3.2462   -2.1726   -1.9442   -1.3110    1.2763    1.8576    1.9797    4.4251    5.4456    6.3202    6.7672    7.4509    8.3178    8.4249    9.3435    9.4637   10.8774   12.3100   12.8063   12.8615   13.1636   13.5603   13.8680   14.4019   15.3962   15.5377   16.3618
  3.2303  -12.2482  -12.0828   -9.4412   -4.8840   -3.6230   -3.3143   -2.2343   -1.9754   -1.1966    1.3243    1.8827    2.0047    4.4353    5.4703    6.5317    6.9147    7.6066    8.3204    8.6223    9.3601    9.4865   11.3430   12.5040   12.6435   12.9990   13.0820   13.2599   13.5264   14.3230   15.4250   15.8724   16.5676
  3.2726  -12.2036  -12.0042   -9.5672   -5.0476   -3.6494   -3.3784   -2.2902   -2.0075   -1.0600    1.3284    1.8129    2.1045    4.4501    5.4452    6.7915    7.1072    7.7812    8.2917    8.8582    9.4337    9.5351   11.8243   12.2482   12.4404   12.6750   12.9345   13.3663   13.5423   14.5094   15.4240   16.1921   16.2205
  3.3149  -12.1625  -11.9268   -9.6864   -5.1940   -3.6667   -3.4373   -2.3387   -2.0376   -0.9082    1.2665    1.7699    2.1908    4.4669    5.3952    7.0797    7.3232    7.9781    8.2860    9.0232    9.5866    9.6226   11.8821   12.0269   12.1829   12.4560   12.6481   13.5749   13.9144   14.7961   15.2253   16.1104   16.4914
  3.3572  -12.1264  -11.8538   -9.7947   -5.3192   -3.6761   -3.4905   -2.3790   -2.0641   -0.7477    1.1434    1.7647    2.2594    4.4831    5.3388    7.3762    7.5337    8.1867    8.3301    9.1289    9.7211    9.7798   11.5477   11.6058   11.8956   12.2895   12.9299   13.8949   14.2984   14.7830   15.1874   16.1843   16.7445
  3.3995  -12.0966  -11.7893   -9.8875   -5.4197   -3.6783   -3.5374   -2.4108   -2.0855   -0.5859    0.9900    1.7784    2.3104    4.4968    5.2872    7.6497    7.7103    8.3348    8.5198    9.2287    9.8295    9.8727   11.1564   11.2509   11.6939   12.0141   13.4400   14.1595   14.4144   14.7261   15.5218   16.1948   16.7441
  3.4418  -12.0744  -11.7379   -9.9595   -5.4932   -3.6735   -3.5774   -2.4336   -2.1013   -0.4353    0.8369    1.7954    2.3452    4.5071    5.2469    7.8074    7.8799    8.5039    8.7970    9.3457    9.7055   10.0256   10.7658   10.9330   11.5042   12.0196   13.6832   14.1009   14.6661   15.1091   15.8335   16.0169   16.6111
  3.4841  -12.0606  -11.7044  -10.0055   -5.5379   -3.6627   -3.6095   -2.4473   -2.1109   -0.3186    0.7160    1.8078    2.3653    4.5133    5.2216    7.8657    7.9979    8.7534    9.0618    9.4281    9.4920   10.1489   10.4620   10.6815   11.2906   12.2785   13.3120   14.5266   15.0301   15.3963   15.7347   16.0743   16.2612
  3.5264  -12.0560  -11.6927  -10.0214   -5.5530   -3.6527   -3.6266   -2.4519   -2.1141   -0.2721    0.6677    1.8123    2.3719    4.5154    5.2130    7.8820    8.0344    8.9568    9.1923    9.2367    9.5342   10.1496   10.3827   10.5759   11.1959   12.4884   13.0598   14.8068   15.1975   15.5045   15.5527   16.1145   16.1170
  3.5264  -12.0560  -11.6927  -10.0214   -5.5530   -3.6527   -3.6266   -2.4519   -2.1141   -0.2721    0.6677    1.8123    2.3719    4.5154    5.2130    7.8820    8.0344    8.9568    9.1923    9.2367    9.5342   10.1496   10.3827   10.5759   11.1959   12.4884   13.0598   14.8068   15.1975   15.5045   15.5527   16.1145   16.1170
  3.5508  -12.0548  -11.6927  -10.0218   -5.5513   -3.6647   -3.6447   -2.4304   -2.1020   -0.2713    0.6677    1.8076    2.3658    4.5183    5.2144    7.8903    8.0364    8.9046    9.1952    9.2214    9.5489   10.1704   10.4281   10.5209   11.2580   12.4897   13.0585   14.7995   15.1595   15.5110   15.5428   16.1214   16.1444
  3.5752  -12.0513  -11.6928  -10.0230   -5.5464   -3.6995   -3.6952   -2.3697   -2.0668   -0.2688    0.6678    1.7934    2.3476    4.5274    5.2190    7.9132    8.0409    8.8016    9.1393    9.1815    9.6238   10.2194   10.4058   10.5463   11.4029   12.4938   13.0546   14.7770   15.0623   15.5186   15.5245   16.1285   16.2219
  3.5997  -12.0455  -11.6929  -10.0250   -5.5383   -3.7695   -3.7537   -2.2783   -2.0121   -0.2648    0.6677    1.7702    2.3175    4.5433    5.2274    7.9439    8.0431    8.6970    9.0153    9.1309    9.7539   10.1921   10.3722   10.7074   11.5819   12.5013   13.0482   14.7380   14.9318   15.4918   15.5391   16.1264   16.3213
  3.6241  -12.0375  -11.6931  -10.0279   -5.5269   -3.8588   -3.8231   -2.1652   -1.9422   -0.2591    0.6673    1.7382    2.2758    4.5671    5.2409    7.9683    8.0359    8.6161    8.8602    9.0824    9.9099   10.0573   10.4636   10.8908   11.7733   12.5142   13.0392   14.6817   14.7846   15.4730   15.5536   16.1075   16.4076
  3.6485  -12.0274  -11.6935  -10.0316   -5.5123   -3.9563   -3.9034   -2.0373   -1.8615   -0.2518    0.6661    1.6981    2.2231    4.6000    5.2606    7.9643    8.0122    8.5775    8.6996    9.0419    9.9229   10.0780   10.5779   11.0851   11.9653   12.5366   13.0280   14.6098   14.6301   15.4678   15.5674   16.0719   16.4329
  3.6729  -12.0151  -11.6941  -10.0362   -5.4945   -4.0570   -3.9910   -1.8994   -1.7740   -0.2429    0.6636    1.6510    2.1603    4.6431    5.2879    7.9168    7.9675    8.4956    8.6431    9.0038    9.8167   10.2528   10.6974   11.2828   12.1434   12.5790   13.0152   14.4740   14.5260   15.4777   15.5793   16.0240   16.4029
  3.6973  -12.0009  -11.6950  -10.0416   -5.4735   -4.1577   -4.0829   -1.7550   -1.6829   -0.2324    0.6590    1.5980    2.0884    4.6971    5.3242    7.8331    7.9021    8.3313    8.7262    8.9518    9.7598   10.4315   10.8155   11.4780   12.2829   12.6637   13.0024   14.3205   14.4348   15.5015   15.5873   15.9694   16.3542
  3.7218  -11.9849  -11.6962  -10.0478   -5.4495   -4.2562   -4.1768   -1.6063   -1.5910   -0.2204    0.6513    1.5408    2.0090    4.7625    5.3705    7.7282    7.8197    8.1650    8.8551    8.8698    9.7653   10.6123   10.9278   11.6639   12.3653   12.8065   12.9924   14.1739   14.3413   15.5364   15.5889   15.9139   16.2955
  3.7462  -11.9672  -11.6980  -10.0548   -5.4224   -4.3508   -4.2707   -1.5005   -1.4553   -0.2068    0.6391    1.4816    1.9236    4.8395    5.4277    7.6118    7.7256    8.0057    8.7571    9.0117    9.8292   10.7939   11.0309   11.8315   12.4060   12.9879   12.9907   14.0395   14.2503   15.5778   15.5814   15.8644   16.2131
  3.7706  -11.9482  -11.7003  -10.0624   -5.3924   -4.4404   -4.3632   -1.4134   -1.3032   -0.1919    0.6207    1.4226    1.8340    4.9276    5.4961    7.4877    7.6244    7.8576    8.6232    9.1881    9.9363   10.9748   11.1217   11.9687   12.4251   13.0050   13.1804   13.9258   14.1668   15.5604   15.6159   15.8326   16.0862
  3.7950  -11.9279  -11.7034  -10.0707   -5.3595   -4.5239   -4.4530   -1.3315   -1.1512   -0.1758    0.5941    1.3669    1.7422    5.0262    5.5761    7.3573    7.5201    7.7245    8.4776    9.3797   10.0718   11.1536   11.1976   12.0620   12.4303   13.0432   13.3580   13.8517   14.0972   15.5134   15.6323   15.8381   15.9263
  3.8194  -11.9068  -11.7073  -10.0794   -5.3239   -4.6006   -4.5390   -1.2562   -1.0002   -0.1589    0.5574    1.3172    1.6504    5.1339    5.6675    7.2213    7.4154    7.6089    8.3269    9.5834   10.2243   11.2568   11.3283   12.1040   12.4227   13.1049   13.4734   13.8634   14.0502   15.4067   15.6216   15.7907   15.8864
  3.8439  -11.8851  -11.7122  -10.0882   -5.2857   -4.6701   -4.6204   -1.1889   -0.8512   -0.1418    0.5093    1.2758    1.5609    5.2491    5.7697    7.0818    7.3130    7.5120    8.1748    9.7969   10.3846   11.2979   11.4954   12.0994   12.4020   13.1746   13.4979   13.9884   14.0387   15.2192   15.6007   15.7248   15.9589
  3.8683  -11.8633  -11.7182  -10.0970   -5.2453   -4.7317   -4.6962   -1.1307   -0.7051   -0.1255    0.4492    1.2442    1.4762    5.3688    5.8816    6.9417    7.2150    7.4342    8.0241   10.0184   10.5441   11.3199   11.6479   12.0634   12.3705   13.2293   13.4875   14.0757   14.1657   14.9891   15.5798   15.7103   16.0335
  3.8927  -11.8417  -11.7253  -10.1053   -5.2032   -4.7852   -4.7654   -1.0823   -0.5627   -0.1113    0.3782    1.2225    1.3990    5.4892    6.0010    6.8045    7.1238    7.3762    7.8767   10.2456   10.6934   11.3214   11.7623   12.0276   12.3346   13.2561   13.4752   14.1644   14.3478   14.7586   15.5562   15.7271   16.0315
  3.9171  -11.8208  -11.7338  -10.1128   -5.1604   -4.8303   -4.8266   -1.0444   -0.4256   -0.1011    0.2982    1.2102    1.3321    5.6042    6.1240    6.6746    7.0427    7.3397    7.7348   10.4761   10.8224   11.3003   11.7764   12.0583   12.3048   13.2611   13.4597   14.2922   14.4584   14.6130   15.5024   15.7695   15.8847
  3.9416  -11.8013  -11.7438  -10.1189   -5.1193   -4.8769   -4.8667   -1.0173   -0.2959   -0.0968    0.2130    1.2062    1.2783    5.7047    6.2430    6.5582    6.9771    7.3277    7.6014   10.7051   10.9212   11.2537   11.7037   12.1445   12.2899   13.2607   13.4271   14.3387   14.4384   14.7275   15.3603   15.8048   15.8339
  3.9660  -11.7835  -11.7552  -10.1229   -5.0861   -4.9100   -4.8944   -1.0011   -0.1806   -0.1002    0.1306    1.2093    1.2400    5.7766    6.3440    6.4648    6.9357    7.3441    7.4826   10.9207   10.9837   11.1795   11.6124   12.2237   12.2875   13.2717   13.3689   14.2422   14.5790   14.8648   15.1535   15.8219   15.9022
  3.9904  -11.7683  -11.7682  -10.1245   -5.0731   -4.9133   -4.9133   -0.9958   -0.1125   -0.1125    0.0846    1.2187    1.2187    5.8033    6.4066    6.4066    6.9243    7.3928    7.3928   11.0073   11.0816   11.0816   11.5606   12.2736   12.2736   13.3065   13.3065   14.2127   14.6582   14.9800   14.9800   15.8929   15.8929
  3.9904  -11.7683  -11.7682  -10.1245   -5.0731   -4.9133   -4.9133   -0.9958   -0.1125   -0.1125    0.0846    1.2187    1.2187    5.8033    6.4066    6.4066    6.9243    7.3928    7.3928   11.0073   11.0816   11.0816   11.5606   12.2736   12.2736   13.3065   13.3065   14.2127   14.6582   14.9800   14.9800   15.8929   15.8929
  4.0392  -11.7994  -11.7473  -10.1171   -5.1005   -4.9247   -4.8376   -1.0166   -0.2400   -0.1640    0.2261    1.2280    1.2552    5.7106    6.3963    6.3968    6.8804    7.4308    7.5937   10.7993   10.9936   10.9998   11.8170   12.0751   12.2844   13.3356   13.4533   14.2912   14.3476   15.0702   15.1096   15.5651   16.1117
  4.0881  -11.8373  -11.7426  -10.0920   -5.1282   -4.9015   -4.7225   -1.0766   -0.4446   -0.2417    0.4039    1.2964    1.3158    5.5229    6.2997    6.4398    6.7222    7.7465    7.9104   10.4709   10.7006   10.9007   11.6682   12.0378   12.4155   13.5444   13.5968   14.0194   14.4639   14.9316   15.2287   15.4793   15.7892
  4.1369  -11.8821  -11.7568  -10.0455   -5.1309   -4.8451   -4.5945   -1.1700   -0.6528   -0.3306    0.5425    1.4025    1.4057    5.3216    6.1718    6.4891    6.5696    8.1438    8.2858   10.1213   10.3820   10.7601   11.2160   11.9170   12.7757   13.4880   13.6366   14.0895   14.6967   14.7417   15.0974   15.5154   15.6045
  4.1858  -11.9331  -11.7900   -9.9763   -5.1046   -4.7572   -4.4590   -1.2884   -0.8554   -0.4202    0.6345    1.5125    1.5380    5.1322    6.0202    6.4678    6.5446    8.5060    8.6308    9.8168   10.1256   10.5317   10.8498   11.7389   12.7713   13.4269   13.6642   14.1950   14.7199   14.7564   15.0524   15.6078   15.7743
  4.2346  -11.9895  -11.8405   -9.8855   -5.0494   -4.6402   -4.3188   -1.4213   -1.0481   -0.5064    0.6848    1.6351    1.6792    4.9643    5.8548    6.4184    6.6084    8.6259    8.7816    9.6981   10.0828   10.2299   10.6488   11.5526   12.5032   13.0746   13.8198   14.1254   14.8367   14.8772   15.4213   15.7015   15.9881
  4.2834  -12.0501  -11.9047   -9.7758   -4.9671   -4.4966   -4.1758   -1.5586   -1.2280   -0.5886    0.7033    1.7552    1.8169    4.8232    5.6889    6.4089    6.6759    8.4036    8.6554    9.5295   10.2547   10.3153   10.5678   11.3763   12.2178   12.7077   13.3379   14.5931   14.9754   15.1218   15.6553   15.7302   16.1135
  4.3323  -12.1137  -11.9785   -9.6508   -4.8607   -4.3291   -4.0317   -1.6917   -1.3927   -0.6671    0.6991    1.8578    1.9389    4.7128    5.5299    6.4262    6.7334    8.0548    8.4205    9.1618   10.2858   10.5888   10.8758   11.2250   11.9786   12.3695   12.9440   14.8906   15.0030   15.2708   15.6358   15.9488   16.1221
  4.3811  -12.1788  -12.0580   -9.5148   -4.7344   -4.1409   -3.8878   -1.8134   -1.5401   -0.7417    0.6794    1.9300    2.0324    4.6359    5.3783    6.4561    6.7567    7.7035    8.2192    8.7821   10.1940   10.6551   11.0496   11.3824   11.8601   12.1044   12.7786   14.6191   14.9335   15.4459   15.9410   16.0286   16.2629
  4.4300  -12.2438  -12.1397   -9.3717   -4.5943   -3.9359   -3.7447   -1.9173   -1.6676   -0.8121    0.6491    1.9611    2.0840    4.5934    5.2300    6.4762    6.7240    7.4032    8.1240    8.4361   10.1030   10.4974   10.7806   11.5902   11.7678   12.2194   12.9751   14.1858   14.7736   15.5065   15.7546   16.1831   16.6338
  4.4788  -12.3073  -12.2205   -9.2256   -4.4483   -3.7190   -3.6019   -1.9980   -1.7722   -0.8775    0.6122    1.9428    2.0810    4.5832    5.0784    6.4497    6.6478    7.1955    8.1514    8.1515   10.0283   10.1515   10.5563   11.4089   11.6273   12.7449   13.2901   13.8697   14.5716   15.3127   15.3486   16.4619   16.8302
  4.5277  -12.3680  -12.2980   -9.0804   -4.3066   -3.4968   -3.4577   -2.0500   -1.8493   -0.9371    0.5719    1.8707    2.0148    4.6001    4.9192    6.3418    6.5761    7.1041    7.9554    8.2713    9.7158    9.9751   10.3843   11.2013   11.4869   13.0735   13.1983   14.1252   14.4429   14.8719   15.1409   16.7687   17.0703
  4.5765  -12.4244  -12.3702   -8.9401   -4.1800   -3.3105   -3.2795   -2.0679   -1.8914   -0.9899    0.5307    1.7448    1.8827    4.6382    4.7539    6.1656    6.5535    7.1029    7.8621    8.4398    9.2770    9.9469   10.2262   11.0130   11.3659   12.6523   13.2906   14.2643   14.2924   14.8182   15.2622   17.0676   17.3269
  4.6253  -12.4756  -12.4354   -8.8085   -4.0772   -3.1623   -3.0823   -2.0456   -1.8872   -1.0354    0.4907    1.5700    1.6898    4.5901    4.6944    5.9583    6.6000    7.1540    7.8602    8.5503    8.9442    9.9442   10.0709   10.8512   11.2696   12.2335   13.0788   13.8749   13.9856   15.3580   15.8253   17.3218   17.5386
  4.6742  -12.5206  -12.4925   -8.6894   -4.0019   -3.0212   -2.9234   -1.9775   -1.8232   -1.0727    0.4537    1.3557    1.4481    4.4369    4.7685    5.7492    6.7132    7.2372    7.9213    8.2987    9.0187    9.9116    9.9616   10.7233   11.2004   11.8506   12.7820   13.4489   13.5969   16.0267   16.5010   17.4906   17.6434
  4.7230  -12.5584  -12.5404   -8.5862   -3.9516   -2.8998   -2.8146   -1.8616   -1.6948   -1.1012    0.4213    1.1152    1.1753    4.3022    4.8606    5.5586    6.8752    7.3359    7.9405    8.0197    9.2412    9.7429    9.9807   10.6455   11.1592   11.5276   12.4854   13.0430   13.1871   16.7072   17.1453   17.6249   17.6925
  4.7719  -12.5886  -12.5784   -8.5022   -3.9209   -2.8073   -2.7512   -1.7069   -1.5180   -1.1198    0.3948    0.8656    0.8937    4.1912    4.9660    5.4007    7.0523    7.4314    7.6267    8.1374    9.4499    9.5790    9.9719   10.6424   11.1186   11.3174   12.2253   12.6686   12.7821   17.2445   17.4172   17.8707   18.0843
  4.8207  -12.6104  -12.6059   -8.4400   -3.9038   -2.7453   -2.7185   -1.5412   -1.3269   -1.1259    0.3750    0.6317    0.6325    4.1084    5.0720    5.2837    7.1434    7.4599    7.5075    8.2561    9.3628    9.6757    9.9251   10.7155   11.0019   11.3201   12.0242   12.3431   12.3980   17.4121   17.4436   18.4089   18.7491
  4.8695  -12.6237  -12.6226   -8.4019   -3.8954   -2.7104   -2.7035   -1.4123   -1.1696   -1.1166    0.3628    0.4349    0.4521    4.0570    5.1556    5.2123    7.0528    7.5219    7.5552    8.3493    9.2184    9.8006    9.8695   10.8175   10.9028   11.4514   11.8969   12.0563   12.1013   17.4365   17.4415   19.0512   19.3341
  4.9184  -12.6282  -12.6281   -8.3890   -3.8930   -2.6992   -2.6992   -1.3656   -1.1060   -1.1059    0.3582    0.3582    0.3819    4.0396    5.1883    5.1883    6.9989    7.5713    7.5713    8.3856    9.1593    9.8450    9.8450   10.8684   10.8684   11.5846   11.8528   11.8528   12.0064   17.4392   17.4392   19.5619   19.5780
  4.9184  -12.0560  -11.6927  -10.0214   -5.5530   -3.6527   -3.6266   -2.4519   -2.1141   -0.2721    0.6677    1.8123    2.3719    4.5154    5.2130    7.8820    8.0344    8.9568    9.1923    9.2367    9.5342   10.1496   10.3827   10.5759   11.1959   12.4884   13.0598   14.8068   15.1975   15.5045   15.5527   16.1145   16.1170
  4.9461  -12.0638  -11.6836  -10.0221   -5.5481   -3.7060   -3.5839   -2.4435   -2.1063   -0.3245    0.7201    1.8000    2.3679    4.5012    5.2285    7.8956    8.0441    8.9291    9.1505    9.2790    9.5452   10.1578   10.3664   10.5995   11.2258   12.4695   13.0817   14.7358   15.1672   15.4834   15.6220   16.0399   16.1061
  4.9739  -12.0853  -11.6584  -10.0244   -5.5335   -3.7781   -3.5431   -2.4179   -2.0835   -0.4560    0.8511    1.7653    2.3551    4.4601    5.2742    7.9343    8.0740    8.8549    9.1063    9.3161    9.5798   10.1723   10.3394   10.6641   11.3077   12.4210   13.1392   14.5588   15.1069   15.4479   15.6714   15.9434   16.0624
  5.0016  -12.1157  -11.6217  -10.0282   -5.5092   -3.8559   -3.5159   -2.3749   -2.0479   -0.6274    1.0194    1.7146    2.3311    4.3955    5.3480    7.9916    8.1269    8.7555    9.0699    9.3270    9.6323   10.1636   10.3468   10.7631   11.4262   12.3593   13.2167   14.3311   15.0307   15.3453   15.5979   15.8887   16.0459
  5.0294  -12.1511  -11.5778  -10.0333   -5.4755   -3.9367   -3.5025   -2.3148   -2.0028   -0.8154    1.1943    1.6601    2.2942    4.3115    5.4473    8.0574    8.2068    8.6480    9.0360    9.3203    9.6868   10.1315   10.3996   10.8922   11.5657   12.2998   13.3000   14.0835   14.9295   15.1729   15.4608   15.8818   15.9900
  5.0571  -12.1886  -11.5296  -10.0397   -5.4325   -4.0185   -3.5013   -2.2391   -1.9525   -1.0076    1.3330    1.6368    2.2451    4.2124    5.5694    8.1234    8.3130    8.5430    9.0034    9.3060    9.7283   10.1077   10.4759   11.0447   11.7103   12.2595   13.3722   13.8365   14.7893   14.9753   15.3136   15.8374   15.9526
  5.0848  -12.2264  -11.4791  -10.0471   -5.3806   -4.0999   -3.5096   -2.1498   -1.9038   -1.1940    1.3580    1.7140    2.1902    4.1022    5.7113    8.1838    8.4132    8.4746    8.9731    9.2906    9.7480   10.1108   10.5643   11.2094   11.8379   12.2654   13.3764   13.6443   14.6055   14.7797   15.1812   15.7172   15.8862
  5.1126  -12.2634  -11.4278  -10.0554   -5.3202   -4.1795   -3.5248   -2.0495   -1.8714   -1.3593    1.3013    1.8333    2.1567    3.9844    5.8697    8.2212    8.3675    8.5922    8.9467    9.2806    9.7504   10.1405   10.6604   11.3666   11.9325   12.3439   13.2076   13.6061   14.3940   14.5975   15.0617   15.5491   15.6989
  5.1403  -12.2989  -11.3768  -10.0645   -5.2518   -4.2562   -3.5444   -1.9410   -1.8896   -1.4686    1.2235    1.8607    2.2199    3.8624    6.0411    8.1929    8.3712    8.7282    8.9273    9.2861    9.7497   10.1847   10.7622   11.4853   12.0310   12.4660   12.9875   13.6006   14.1753   14.4414   14.9457   15.2943   15.5925
  5.1681  -12.3323  -11.3268  -10.0740   -5.1760   -4.3290   -3.5662   -1.9918   -1.8251   -1.4905    1.1420    1.7905    2.3703    3.7392    6.2211    8.1306    8.4134    8.8302    8.9248    9.3270    9.7574   10.2316   10.8682   11.5457   12.1789   12.4951   12.8850   13.5443   13.9628   14.3238   14.8229   15.0348   15.5405
  5.1958  -12.3633  -11.2788  -10.0838   -5.0937   -4.3969   -3.5885   -2.1465   -1.7058   -1.4552    1.0627    1.6856    2.5413    3.6174    6.4047    8.0731    8.4574    8.8599    8.9516    9.4271    9.7792   10.2730   10.9772   11.5663   12.2722   12.4204   12.9901   13.4384   13.7620   14.2338   14.6368   14.8742   15.5216
  5.2235  -12.3916  -11.2334  -10.0935   -5.0060   -4.4588   -3.6097   -2.3194   -1.5845   -1.3985    0.9883    1.5672    2.7107    3.4998    6.5853    8.0324    8.4953    8.8592    8.9671    9.5839    9.8153   10.3038   11.0881   11.5691   12.0644   12.6171   13.0569   13.3962   13.5758   14.1399   14.3857   14.8433   15.5282
  5.2513  -12.4170  -11.1913  -10.1031   -4.9150   -4.5131   -3.6285   -2.4959   -1.4639   -1.3350    0.9209    1.4429    2.8704    3.3889    6.7538    8.0168    8.5261    8.8555    8.9652    9.7753    9.8607   10.3210   11.1992   11.5420   11.8748   12.7957   12.9552   13.3927   13.5534   14.0258   14.1503   14.8813   15.5554
  5.2790  -12.4392  -11.1531  -10.1121   -4.8248   -4.5567   -3.6437   -2.6702   -1.3483   -1.2695    0.8617    1.3174    3.0158    3.2876    6.8992    8.0347    8.5520    8.8516    8.9580    9.9051    9.9852   10.3241   11.3048   11.4329   11.8048   12.6939   12.9795   13.2830   13.7117   13.8656   14.0513   14.9581   15.5991
  5.3068  -12.4583  -11.1195  -10.1203   -4.7475   -4.5790   -3.6538   -2.8391   -1.2498   -1.1963    0.8119    1.1948    3.1356    3.2060    7.0111    8.0916    8.5765    8.8469    8.9539    9.9325   10.2048   10.3131   11.2538   11.4319   11.8357   12.4890   12.9040   13.2311   13.6906   13.8276   14.1777   15.0569   15.6547
  5.3345  -12.4740  -11.0911  -10.1275   -4.7134   -4.5526   -3.6568   -2.9998   -1.1841   -1.1061    0.7728    1.0793    3.1099    3.2638    7.0861    8.1820    8.6055    8.8416    8.9585    9.9216   10.2847   10.4310   11.1301   11.5354   11.9063   12.2793   12.7521   13.0942   13.5568   13.9967   14.4084   15.1691   15.7149
  5.3622  -12.4862  -11.0683  -10.1334   -4.7191   -4.4855   -3.6498   -3.1494   -1.1388   -1.0181    0.7455    0.9754    3.0489    3.3499    7.1296    8.2829    8.6462    8.8389    8.9774    9.8516   10.2484   10.6541   11.0735   11.6338   11.9857   12.0860   12.5904   12.9097   13.4379   14.2176   14.6614   15.2901   15.7660
  5.3900  -12.4951  -11.0518  -10.1378   -4.7324   -4.4172   -3.6292   -3.2836   -1.1067   -0.9470    0.7316    0.8884    3.0030    3.4141    7.1518    8.3624    8.6961    8.8444    9.0242    9.7212   10.2165   10.8655   11.0822   11.7008   11.8879   12.1074   12.4412   12.7279   13.3410   14.4300   14.9149   15.4121   15.7822
  5.4177  -12.5004  -11.0417  -10.1405   -4.7421   -4.3682   -3.5930   -3.3944   -1.0873   -0.9006    0.7316    0.8242    2.9747    3.4534    7.1616    8.4054    8.7303    8.8569    9.1154    9.5623   10.1971   11.0227   11.1493   11.6253   11.8538   12.1941   12.3398   12.5700   13.2764   14.5871   15.1555   15.4860   15.7604
  5.4455  -12.5021  -11.0383  -10.1414   -4.7455   -4.3503   -3.5622   -3.4514   -1.0807   -0.8845    0.7373    0.7964    2.9651    3.4666    7.1643    8.4181    8.7398    8.8631    9.1903    9.4647   10.1908   11.0650   11.2297   11.5325   11.8738   12.2139   12.3408   12.4825   13.2535   14.6460   15.3231   15.4281   15.7734
  5.4455  -11.7683  -11.7682  -10.1245   -5.0731   -4.9133   -4.9133   -0.9958   -0.1125   -0.1125    0.0846    1.2187    1.2187    5.8033    6.4066    6.4066    6.9243    7.3928    7.3928   11.0073   11.0816   11.0816   11.5606   12.2736   12.2736   13.3065   13.3065   14.2127   14.6582   14.9800   14.9800   15.8929   15.8929
  5.4732  -11.8208  -11.7141  -10.1264   -5.0683   -4.9579   -4.8609   -1.0396   -0.1930   -0.0812    0.1292    1.2015    1.2800    5.7941    6.2823    6.4977    6.9432    7.3290    7.5090   10.9355   11.0476   11.0536   11.6324   12.2613   12.3314   13.2557   13.3688   14.1851   14.6798   14.9505   14.9829   15.8767   15.9469
  5.5009  -11.8717  -11.6587  -10.1322   -5.0538   -4.9944   -4.8008   -1.1538   -0.3100   -0.1047    0.2460    1.2338    1.3725    5.7685    6.1448    6.5315    6.9982    7.3415    7.6577   10.7786   10.9594   10.9706   11.7896   12.2865   12.4275   13.2181   13.4410   14.1155   14.7308   14.9046   14.9534   15.8998   16.0316
  5.5287  -11.9206  -11.6020  -10.1418   -5.0299   -5.0228   -4.7333   -1.3090   -0.4516   -0.1771    0.4052    1.3100    1.4840    5.7313    6.0045    6.5048    7.0843    7.4330    7.8282   10.5935   10.8340   10.8482   11.9751   12.3327   12.5442   13.1971   13.5202   14.0243   14.7898   14.8527   14.8923   15.9548   16.1393
  5.5564  -11.9675  -11.5445  -10.1552   -5.0429   -4.9968   -4.6585   -1.4845   -0.6088   -0.2861    0.5859    1.4174    1.6056    5.6880    5.8668    6.4405    7.1964    7.5798    8.0148   10.3994   10.6868   10.7012   12.1696   12.3861   12.6607   13.1997   13.6020   13.9234   14.8031   14.8033   14.8438   16.0261   16.2624
  5.5842  -12.0121  -11.4862  -10.1721   -5.0546   -4.9548   -4.5766   -1.6692   -0.7759   -0.4196    0.7768    1.5440    1.7312    5.6432    5.7345    6.3608    7.3298    7.7581    8.2139   10.2031   10.5290   10.5411   12.3663   12.4382   12.7542   13.2378   13.6801   13.8188   14.6888   14.7622   14.8865   16.0806   16.3914
  5.6119  -12.0543  -11.4273  -10.1925   -5.0578   -4.9045   -4.4878   -1.8568   -0.9492   -0.5693    0.9711    1.6811    1.8567    5.6006    5.6090    6.2785    7.4812    7.9529    8.4229   10.0080   10.3685   10.3771   12.4851   12.5616   12.8092   13.3180   13.7133   13.7472   14.5498   14.7346   14.9157   16.0421   16.5024
  5.6396  -12.0940  -11.3682  -10.2161   -5.0523   -4.8463   -4.3924   -2.0435   -1.1262   -0.7293    1.1646    1.8228    1.9793    5.4912    5.5628    6.1996    7.6482    8.1539    8.6388    9.8159   10.2117   10.2180   12.5257   12.7530   12.8290   13.4268   13.6089   13.7965   14.3889   14.7214   14.9318   15.9044   16.5197
  5.6674  -12.1310  -11.3088  -10.2429   -5.0383   -4.7812   -4.2905   -2.2268   -1.3049   -0.8962    1.3544    1.9649    2.0967    5.3816    5.5317    6.1273    7.8291    8.3507    8.8562    9.6284   10.0663   10.0746   12.5601   12.8249   12.9370   13.5071   13.5345   13.8241   14.2200   14.7173   14.9357   15.7587   16.3729
  5.6951  -12.1652  -11.2495  -10.2725   -5.0157   -4.7101   -4.1824   -2.4043   -1.4841   -1.0674    1.5379    2.1045    2.2070    5.2804    5.5087    6.0629    8.0227    8.5283    9.0635    9.4472    9.9458    9.9626   12.5887   12.8018   13.1061   13.4131   13.5890   13.8305   14.0898   14.7074   14.9277   15.6422   16.1606
  5.7229  -12.1965  -11.1904  -10.3049   -4.9845   -4.6346   -4.0684   -2.5741   -1.6626   -1.2411    1.7130    2.2394    2.3088    5.1880    5.4946    6.0069    8.2279    8.6638    9.2288    9.2738    9.8838    9.9063   12.6125   12.7544   13.2108   13.3722   13.5220   13.8191   14.0745   14.6669   14.9053   15.5625   15.9684
  5.7506  -12.2247  -11.1317  -10.3397   -4.9450   -4.5566   -3.9486   -2.7334   -1.8393   -1.4161    1.8776    2.3673    2.4006    5.1043    5.4901    5.9592    8.4435    8.7316    9.1104    9.2933    9.9325    9.9402   12.6321   12.6653   13.1558   13.3826   13.4736   13.7934   14.1455   14.5692   14.8608   15.5203   15.8375
  5.7783  -12.2498  -11.0735  -10.3769   -4.8974   -4.4790   -3.8234   -2.8792   -2.0135   -1.5912    2.0299    2.4811    2.4864    5.0296    5.4952    5.9191    8.6650    8.7264    8.9624    9.2561   10.0482   10.1169   12.5128   12.6481   13.0540   13.2635   13.5948   13.7539   14.2343   14.4074   14.7831   15.5151   15.6586
  5.8061  -12.2718  -11.0159  -10.4163   -4.8421   -4.4062   -3.6932   -3.0069   -2.1840   -1.7657    2.1684    2.5494    2.5949    4.9639    5.5097    5.8854    8.6705    8.7836    8.9403    9.1783   10.2320   10.3537   12.2962   12.6609   12.9385   13.1954   13.6882   13.6931   14.2068   14.3132   14.6715   15.5458   15.5606
  5.8338  -12.2905  -10.9592  -10.4578   -4.7797   -4.3445   -3.5583   -3.1101   -2.3499   -1.9386    2.2917    2.6043    2.6910    4.9075    5.5327    5.8563    8.5921    8.6749    9.0946    9.1700   10.4565   10.6164   12.0379   12.6707   12.8086   13.1689   13.5850   13.7331   14.0188   14.3737   14.5537   15.5379   15.6090
  5.8616  -12.3058  -10.9034  -10.5011   -4.7109   -4.3020   -3.4194   -3.1803   -2.5099   -2.1089    2.3987    2.6453    2.7729    4.8606    5.5627    5.8299    8.5112    8.5677    9.0180    9.4245   10.7003   10.8914   11.7617   12.6598   12.6774   13.1699   13.3978   13.7138   13.8956   14.4146   14.4696   15.5718   15.6979
  5.8893  -12.3178  -10.8486  -10.5462   -4.6371   -4.2871   -3.2776   -3.2096   -2.6624   -2.2754    2.4888    2.6714    2.8387    4.8236    5.5980    5.8039    8.4398    8.4782    8.9546    9.6892   10.9371   11.1708   11.4954   12.4869   12.6794   13.1527   13.1905   13.6377   13.8318   14.4339   14.4387   15.6449   15.8012
  5.9170  -12.3264  -10.7949  -10.5930   -4.5601   -4.3032   -3.1941   -3.1358   -2.8054   -2.4350    2.5617    2.6822    2.8871    4.7968    5.6362    5.7764    8.3858    8.4101    8.9075    9.9620   11.0217   11.3833   11.4441   12.2875   12.6674   12.9026   13.2275   13.5363   13.7984   14.4297   14.4499   15.7427   15.8999
  5.9448  -12.3316  -10.7424  -10.6414   -4.4828   -4.3469   -3.1375   -3.0038   -2.9356   -2.5777    2.6172    2.6770    2.9167    4.7806    5.6749    5.7459    8.3539    8.3658    8.8786   10.2412   10.8019   11.5753   11.6850   12.0634   12.5785   12.7535   13.2805   13.4363   13.7814   14.4375   14.4515   15.8488   15.9685
  5.9725  -12.3333  -10.6912  -10.6912   -4.4096   -4.4096   -3.0485   -3.0485   -2.9323   -2.6528    2.6555    2.6555    2.9266    4.7751    5.7119    5.7119    8.3469    8.3469    8.8688   10.5239   10.5239   11.8017   11.8215   11.8215   12.4830   12.7327   13.3501   13.3501   13.7761   14.4463   14.4464   15.9355   15.9774
