      #Energy        TDOS
     -15.14062       0.00000
     -15.10462       0.00000
     -15.06762       0.00000
     -15.03162       0.00000
     -14.99562       0.00000
     -14.95862       0.00000
     -14.92262       0.00000
     -14.88562       0.00000
     -14.84962       0.00000
     -14.81262       0.00000
     -14.77662       0.00000
     -14.74062       0.00000
     -14.70362       0.00000
     -14.66762       0.00000
     -14.63062       0.00000
     -14.59462       0.00000
     -14.55862       0.00000
     -14.52162       0.00000
     -14.48562       0.00000
     -14.44862       0.00000
     -14.41262       0.00000
     -14.37662       0.00000
     -14.33962       0.00000
     -14.30362       0.00000
     -14.26662       0.00000
     -14.23062       0.00000
     -14.19462       0.00000
     -14.15762       0.00000
     -14.12162       0.00000
     -14.08462       0.00000
     -14.04862       0.00000
     -14.01162       0.00000
     -13.97562       0.00000
     -13.93962       0.00000
     -13.90262       0.00000
     -13.86662       0.00000
     -13.82962       0.00000
     -13.79362       0.00000
     -13.75762       0.00000
     -13.72062       0.00000
     -13.68462       0.00000
     -13.64762       0.00000
     -13.61162       0.00037
     -13.57562       0.01188
     -13.53862       0.14370
     -13.50262       0.69160
     -13.46562       1.42900
     -13.42962       1.49800
     -13.39362       1.11900
     -13.35662       0.85730
     -13.32062       0.72680
     -13.28362       0.64900
     -13.24762       0.59260
     -13.21062       0.55330
     -13.17462       0.51910
     -13.13862       0.49270
     -13.10162       0.47550
     -13.06562       0.44810
     -13.02862       0.44510
     -12.99262       0.42360
     -12.95662       0.41170
     -12.91962       0.41640
     -12.88362       0.39080
     -12.84662       0.39590
     -12.81062       0.39960
     -12.77462       0.37490
     -12.73762       0.40040
     -12.70162       0.44580
     -12.66462       0.80820
     -12.62862       1.83200
     -12.59262       2.54200
     -12.55562       2.41100
     -12.51962       2.59400
     -12.48262       3.19500
     -12.44662       3.18200
     -12.41062       2.73900
     -12.37362       2.66300
     -12.33762       2.95700
     -12.30062       2.76800
     -12.26462       2.08600
     -12.22762       1.69200
     -12.19162       1.53000
     -12.15562       1.49600
     -12.11862       1.63000
     -12.08262       1.96600
     -12.04562       2.39400
     -12.00962       2.23800
     -11.97362       1.71300
     -11.93662       1.43900
     -11.90062       1.42100
     -11.86362       1.41200
     -11.82762       1.50900
     -11.79162       1.92800
     -11.75462       2.55700
     -11.71862       3.13200
     -11.68162       3.23200
     -11.64562       2.12300
     -11.60962       0.92460
     -11.57262       0.55690
     -11.53662       0.54720
     -11.49962       0.50610
     -11.46362       0.46390
     -11.42662       0.50450
     -11.39062       0.52120
     -11.35462       0.47060
     -11.31762       0.47810
     -11.28162       0.53790
     -11.24462       0.52510
     -11.20862       0.49570
     -11.17262       0.55660
     -11.13562       0.63580
     -11.09962       0.72940
     -11.06262       1.16400
     -11.02662       1.83300
     -10.99062       1.84300
     -10.95362       1.33400
     -10.91762       1.04800
     -10.88062       0.99020
     -10.84462       0.94420
     -10.80862       1.00800
     -10.77162       1.30900
     -10.73562       1.56600
     -10.69862       1.63800
     -10.66262       1.55800
     -10.62562       1.36200
     -10.58962       1.26300
     -10.55362       1.20600
     -10.51662       1.20000
     -10.48062       1.30600
     -10.44362       1.44800
     -10.40762       1.61000
     -10.37162       2.17000
     -10.33462       3.49100
     -10.29862       4.38200
     -10.26162       3.49200
     -10.22562       2.28700
     -10.18962       2.25300
     -10.15262       3.27000
     -10.11662       4.12800
     -10.07962       3.88800
     -10.04362       3.56900
     -10.00762       3.03800
      -9.97062       1.63400
      -9.93462       0.61020
      -9.89762       0.39740
      -9.86162       0.37330
      -9.82462       0.24630
      -9.78862       0.27210
      -9.75262       0.33630
      -9.71562       0.26040
      -9.67962       0.23190
      -9.64262       0.27620
      -9.60662       0.27670
      -9.57062       0.24470
      -9.53362       0.23160
      -9.49762       0.25600
      -9.46062       0.27530
      -9.42462       0.23690
      -9.38862       0.20790
      -9.35162       0.26960
      -9.31562       0.29070
      -9.27862       0.20890
      -9.24262       0.20090
      -9.20662       0.30680
      -9.16962       0.28800
      -9.13362       0.18200
      -9.09662       0.23280
      -9.06062       0.33600
      -9.02362       0.25900
      -8.98762       0.19480
      -8.95162       0.29180
      -8.91462       0.32630
      -8.87862       0.24500
      -8.84162       0.25960
      -8.80562       0.32960
      -8.76962       0.31290
      -8.73262       0.28570
      -8.69662       0.33630
      -8.65962       0.36200
      -8.62362       0.34570
      -8.58762       0.39520
      -8.55062       0.42940
      -8.51462       0.46960
      -8.47762       0.56640
      -8.44162       0.75040
      -8.40562       1.00700
      -8.36862       0.90980
      -8.33262       0.40130
      -8.29562       0.07449
      -8.25962       0.00544
      -8.22362       0.00015
      -8.18662       0.00000
      -8.15062       0.00000
      -8.11362       0.00000
      -8.07762       0.00000
      -8.04062       0.00000
      -8.00462       0.00000
      -7.96862       0.00000
      -7.93162       0.00000
      -7.89562       0.00000
      -7.85862       0.00000
      -7.82262       0.00000
      -7.78662       0.00000
      -7.74962       0.00000
      -7.71362       0.00000
      -7.67662       0.00000
      -7.64062       0.00000
      -7.60462       0.00000
      -7.56762       0.00000
      -7.53162       0.00000
      -7.49462       0.00000
      -7.45862       0.00000
      -7.42262       0.00000
      -7.38562       0.00000
      -7.34962       0.00000
      -7.31262       0.00000
      -7.27662       0.00000
      -7.23962       0.00000
      -7.20362       0.00000
      -7.16762       0.00000
      -7.13062       0.00000
      -7.09462       0.00000
      -7.05762       0.00000
      -7.02162       0.00000
      -6.98562       0.00000
      -6.94862       0.00000
      -6.91262       0.00000
      -6.87562       0.00000
      -6.83962       0.00000
      -6.80362       0.00000
      -6.76662       0.00000
      -6.73062       0.00000
      -6.69362       0.00000
      -6.65762       0.00000
      -6.62162       0.00000
      -6.58462       0.00000
      -6.54862       0.00000
      -6.51162       0.00000
      -6.47562       0.00000
      -6.43862       0.00000
      -6.40262       0.00000
      -6.36662       0.00000
      -6.32962       0.00000
      -6.29362       0.00000
      -6.25662       0.00000
      -6.22062       0.00000
      -6.18462       0.00000
      -6.14762       0.00000
      -6.11162       0.00000
      -6.07462       0.00000
      -6.03862       0.00000
      -6.00262       0.00000
      -5.96562       0.00000
      -5.92962       0.00000
      -5.89262       0.00000
      -5.85662       0.00000
      -5.82062       0.00000
      -5.78362       0.00000
      -5.74762       0.00000
      -5.71062       0.00001
      -5.67462       0.00049
      -5.63762       0.01438
      -5.60162       0.16270
      -5.56562       0.73480
      -5.52862       1.43600
      -5.49262       1.45200
      -5.45562       1.07200
      -5.41962       0.83750
      -5.38362       0.70930
      -5.34662       0.62200
      -5.31062       0.60670
      -5.27362       0.54750
      -5.23762       0.48950
      -5.20162       0.52310
      -5.16462       0.63930
      -5.12862       0.89050
      -5.09162       1.41700
      -5.05562       1.98600
      -5.01962       2.00300
      -4.98262       1.58500
      -4.94662       1.54200
      -4.90962       2.05200
      -4.87362       2.26500
      -4.83762       1.95300
      -4.80062       1.81600
      -4.76462       2.52500
      -4.72762       3.47800
      -4.69162       3.12100
      -4.65462       2.20300
      -4.61862       2.06300
      -4.58262       2.41900
      -4.54562       2.72500
      -4.50962       2.87200
      -4.47262       3.09900
      -4.43662       3.67700
      -4.40062       4.57900
      -4.36362       4.78100
      -4.32762       3.87100
      -4.29062       2.61400
      -4.25462       1.71200
      -4.21862       1.21900
      -4.18162       1.19900
      -4.14562       1.27700
      -4.10862       1.18200
      -4.07262       1.17300
      -4.03662       1.13600
      -3.99962       1.21300
      -3.96362       1.45000
      -3.92662       1.95200
      -3.89062       2.34700
      -3.85362       1.98600
      -3.81762       1.42800
      -3.78162       1.23100
      -3.74462       1.23600
      -3.70862       1.66000
      -3.67162       2.76400
      -3.63562       3.79000
      -3.59962       3.86300
      -3.56262       3.58000
      -3.52662       3.31500
      -3.48962       2.93600
      -3.45362       2.79400
      -3.41762       2.79200
      -3.38062       2.42700
      -3.34462       2.02400
      -3.30762       2.03900
      -3.27162       2.39500
      -3.23562       2.48900
      -3.19862       2.40800
      -3.16262       2.52600
      -3.12562       2.72000
      -3.08962       3.12500
      -3.05262       3.60600
      -3.01662       3.37500
      -2.98062       2.72700
      -2.94362       2.53900
      -2.90762       2.73700
      -2.87062       2.98800
      -2.83462       3.36600
      -2.79862       3.20600
      -2.76162       2.55600
      -2.72562       2.72500
      -2.68862       3.18500
      -2.65262       2.86600
      -2.61662       2.43000
      -2.57962       2.35500
      -2.54362       2.05000
      -2.50662       1.38600
      -2.47062       1.28300
      -2.43462       1.79800
      -2.39762       1.97700
      -2.36162       1.55200
      -2.32462       1.20600
      -2.28862       1.18100
      -2.25162       1.20400
      -2.21562       1.17000
      -2.17962       1.21400
      -2.14262       1.48900
      -2.10662       2.06500
      -2.06962       2.59600
      -2.03362       2.72400
      -1.99762       2.53500
      -1.96062       2.25400
      -1.92462       2.19600
      -1.88762       2.29200
      -1.85162       2.26600
      -1.81562       1.91700
      -1.77862       1.58800
      -1.74262       2.05900
      -1.70562       3.34700
      -1.66962       4.05500
      -1.63362       3.43600
      -1.59662       2.72200
      -1.56062       2.46000
      -1.52362       2.43500
      -1.48762       2.78600
      -1.45062       3.11000
      -1.41462       3.23600
      -1.37862       3.29100
      -1.34162       3.03200
      -1.30562       2.75700
      -1.26862       2.57800
      -1.23262       2.27600
      -1.19662       2.19600
      -1.15962       2.57300
      -1.12362       3.43100
      -1.08662       4.42600
      -1.05062       4.68800
      -1.01462       4.13600
      -0.97762       3.35400
      -0.94162       3.41800
      -0.90462       4.50700
      -0.86862       4.53400
      -0.83262       2.87200
      -0.79562       1.58300
      -0.75962       1.29800
      -0.72262       1.22100
      -0.68662       0.88800
      -0.65062       0.59570
      -0.61362       0.59700
      -0.57762       0.66700
      -0.54062       0.54050
      -0.50462       0.36310
      -0.46762       0.48490
      -0.43162       0.77820
      -0.39562       0.69720
      -0.35862       0.44270
      -0.32262       0.69600
      -0.28562       1.34400
      -0.24962       1.80500
      -0.21362       1.69900
      -0.17662       1.48100
      -0.14062       1.57900
      -0.10362       1.81200
      -0.06762       1.36500
      -0.03162       0.48610
       0.00538       0.08527
       0.04138       0.09980
       0.07838       0.32750
       0.11438       0.50240
       0.15038       0.41110
       0.18738       0.27270
       0.22338       0.32320
       0.26038       0.37840
       0.29638       0.48400
       0.33338       1.23600
       0.36938       2.59000
       0.40538       3.25500
       0.44238       2.83500
       0.47838       2.23500
       0.51538       1.91100
       0.55138       1.93400
       0.58738       2.29400
       0.62438       2.91300
       0.66038       3.69800
       0.69738       4.21300
       0.73338       4.60600
       0.76938       4.55200
       0.80638       4.41700
       0.84238       4.90300
       0.87938       5.10600
       0.91538       3.90900
       0.95138       2.21300
       0.98838       1.48200
       1.02438       1.22700
       1.06138       1.07400
       1.09738       1.07600
       1.13438       1.23800
       1.17038       1.73600
       1.20638       2.69800
       1.24338       3.22700
       1.27938       2.92000
       1.31638       2.96600
       1.35238       3.21900
       1.38838       3.24100
       1.42538       3.18100
       1.46138       2.65700
       1.49838       1.78700
       1.53438       1.47800
       1.57038       1.63100
       1.60738       1.60400
       1.64338       1.55800
       1.68038       1.77300
       1.71638       2.13700
       1.75238       2.36100
       1.78938       2.63100
       1.82538       2.88200
       1.86238       2.55900
       1.89838       1.83800
       1.93538       1.50700
       1.97138       1.69600
       2.00738       1.74900
       2.04438       1.39300
       2.08038       1.17600
       2.11738       1.39400
       2.15338       1.42700
       2.18938       1.25000
       2.22638       1.21900
       2.26238       1.34300
       2.29938       1.55000
       2.33538       1.94700
       2.37138       2.26000
       2.40838       1.79900
       2.44438       1.04000
       2.48138       0.91240
       2.51738       1.03200
       2.55338       1.04900
       2.59038       1.20600
       2.62638       1.61700
       2.66338       2.08900
       2.69938       1.92500
       2.73638       1.08100
       2.77238       0.49220
       2.80838       0.35730
       2.84538       0.47810
       2.88138       0.77510
       2.91838       1.14500
       2.95438       1.53200
       2.99038       1.65900
       3.02738       1.44800
       3.06338       1.14800
       3.10038       0.93550
       3.13638       0.83000
       3.17238       0.73520
       3.20938       0.76530
       3.24538       0.81580
       3.28238       0.84490
       3.31838       0.85010
       3.35438       0.86650
       3.39138       1.05500
       3.42738       1.33200
       3.46438       1.45900
       3.50038       1.11200
       3.53638       0.56850
       3.57338       0.28800
       3.60938       0.25320
       3.64638       0.26750
       3.68238       0.21800
       3.71938       0.24330
       3.75538       0.29690
       3.79138       0.23210
       3.82838       0.16230
       3.86438       0.25020
       3.90138       0.31740
       3.93738       0.23080
       3.97338       0.20860
       4.01038       0.50690
       4.04638       1.12600
       4.08338       1.39400
       4.11938       1.10300
       4.15538       0.92090
       4.19238       1.14500
       4.22838       1.30200
       4.26538       1.06700
       4.30138       0.92400
       4.33738       0.96320
       4.37438       1.04300
       4.41038       1.63200
       4.44738       2.34200
       4.48338       2.50200
       4.52038       2.44700
       4.55638       2.14100
       4.59238       1.87700
       4.62938       1.76100
       4.66538       1.47300
       4.70238       1.34800
       4.73838       1.63000
       4.77438       1.93600
       4.81138       1.88500
       4.84738       1.89800
       4.88438       2.38500
       4.92038       3.10300
       4.95638       2.89100
       4.99338       1.74700
       5.02938       1.11000
       5.06638       1.11900
       5.10238       1.17700
       5.13838       1.47900
       5.17538       2.41300
       5.21138       3.36800
       5.24838       3.41100
       5.28438       2.70600
       5.32138       2.11000
       5.35738       1.90400
       5.39338       1.72100
       5.43038       1.57700
       5.46638       1.90000
       5.50338       2.30000
       5.53938       2.22100
       5.57538       2.11400
       5.61238       2.10200
       5.64838       1.84400
       5.68538       1.99300
       5.72138       2.53800
       5.75738       2.67600
       5.79438       2.70400
       5.83038       2.65800
       5.86738       2.30900
       5.90338       1.98800
       5.93938       1.70200
       5.97638       1.68200
       6.01238       1.91700
       6.04938       2.09000
       6.08538       2.07600
       6.12238       1.95300
       6.15838       2.33400
       6.19438       3.32800
       6.23138       3.62700
       6.26738       2.88800
       6.30438       2.26300
       6.34038       2.14200
       6.37638       2.55600
       6.41338       3.43000
       6.44938       3.94700
       6.48638       3.55600
       6.52238       2.86300
       6.55838       2.53400
       6.59538       2.56400
       6.63138       2.37600
       6.66838       2.08000
       6.70438       1.89800
       6.74038       1.82800
       6.77738       1.94800
       6.81338       2.00200
       6.85038       1.70500
       6.88638       1.50100
       6.92238       1.80600
       6.95938       2.21400
       6.99538       2.58100
       7.03238       2.61800
       7.06838       2.35300
       7.10538       2.64200
       7.14138       3.26900
       7.17738       3.32200
       7.21438       2.62700
       7.25038       2.06100
       7.28738       2.07900
       7.32338       2.54600
       7.35938       3.06000
       7.39638       3.46500
       7.43238       3.60400
       7.46938       3.40100
       7.50538       3.13900
       7.54138       3.03900
       7.57838       3.17100
       7.61438       3.24200
       7.65138       2.84900
       7.68738       2.03200
       7.72338       1.68000
       7.76038       1.79000
       7.79638       1.93000
       7.83338       2.34200
       7.86938       3.05300
       7.90638       3.59200
       7.94238       3.36600
       7.97838       3.10500
       8.01538       3.47400
       8.05138       3.71500
       8.08838       3.15100
       8.12438       2.79100
       8.16038       2.97900
       8.19738       3.04300
       8.23338       3.02200
       8.27038       3.14800
       8.30638       3.49300
       8.34238       4.12600
       8.37938       4.57400
       8.41538       4.22500
       8.45238       3.60000
       8.48838       3.31300
       8.52438       3.16100
       8.56138       2.88400
       8.59738       2.93600
       8.63438       3.31800
       8.67038       3.49200
       8.70738       3.26500
       8.74338       3.32700
       8.77938       3.59300
       8.81638       3.64600
       8.85238       4.11900
       8.88938       4.33500
       8.92538       3.82100
       8.96138       3.79700
       8.99838       3.51500
       9.03438       2.80400
       9.07138       2.35000
       9.10738       2.51900
       9.14338       3.09700
       9.18038       3.67800
       9.21638       3.89400
       9.25338       3.52800
       9.28938       3.12600
       9.32538       2.87000
       9.36238       2.52000
       9.39838       2.32000
       9.43538       2.80800
       9.47138       3.07500
       9.50838       2.58100
       9.54438       2.42000
       9.58038       2.55400
       9.61738       2.37000
       9.65338       2.13500
       9.69038       2.24900
       9.72638       2.56300
       9.76238       2.67500
       9.79938       2.79800
       9.83538       3.11300
       9.87238       3.05900
       9.90838       2.98400
       9.94438       3.45500
       9.98138       3.50500
      10.01738       2.73100
      10.05438       2.11700
      10.09038       2.24100
      10.12638       2.76900
      10.16338       3.41700
      10.19938       4.02900
      10.23638       4.38400
      10.27238       4.19700
      10.30938       3.82600
      10.34538       3.85800
      10.38138       3.93400
      10.41838       3.62100
      10.45438       3.37600
      10.49138       3.57300
      10.52738       3.94800
      10.56338       3.86400
      10.60038       3.08300
      10.63638       2.68700
      10.67338       3.00000
      10.70938       3.01900
      10.74538       2.50600
      10.78238       2.30300
      10.81838       2.89500
      10.85538       3.88200
      10.89138       4.38200
      10.92738       3.90000
      10.96438       3.54500
      11.00038       3.77100
      11.03738       3.93700
      11.07338       3.89800
      11.10938       3.52800
      11.14638       3.05800
      11.18238       3.12900
      11.21938       3.39600
      11.25538       3.19400
      11.29238       2.87600
      11.32838       2.81300
      11.36438       2.63200
      11.40138       2.42500
      11.43738       2.66600
      11.47438       3.21000
      11.51038       3.60600
      11.54638       4.03600
      11.58338       4.26300
      11.61938       4.28100
      11.65638       4.08700
      11.69238       3.22200
      11.72838       2.43800
      11.76538       2.40900
      11.80138       3.19200
      11.83838       4.09600
      11.87438       4.22200
      11.91038       3.54300
      11.94738       2.71700
      11.98338       2.91200
      12.02038       4.07800
      12.05638       4.48100
      12.09338       3.58800
      12.12938       2.62800
      12.16538       2.32300
      12.20238       2.70000
      12.23838       3.56200
      12.27538       4.64500
      12.31138       4.99600
      12.34738       4.39400
      12.38438       3.61800
      12.42038       3.31700
      12.45738       3.89900
      12.49338       4.83300
      12.52938       4.54300
      12.56638       3.51200
      12.60238       3.39300
      12.63938       4.05700
      12.67538       4.45400
      12.71138       3.95900
      12.74838       3.70600
      12.78438       3.82000
      12.82138       3.47200
      12.85738       2.79100
      12.89438       2.61900
      12.93038       3.12400
      12.96638       3.79200
      13.00338       4.08200
      13.03938       3.85900
      13.07638       3.41400
      13.11238       2.83900
      13.14838       2.73800
      13.18538       3.18000
      13.22138       3.71600
      13.25838       4.24300
      13.29438       4.37600
      13.33038       4.30100
      13.36738       4.31600
      13.40338       3.90700
      13.44038       3.57000
      13.47638       3.50500
      13.51238       3.41800
      13.54938       3.71000
      13.58538       4.14000
      13.62238       3.79700
      13.65838       3.08200
      13.69538       3.03200
      13.73138       3.15500
      13.76738       3.08200
      13.80438       3.24000
      13.84038       3.48700
      13.87738       3.28500
      13.91338       2.60400
      13.94938       1.98700
      13.98638       1.92700
      14.02238       2.38000
      14.05938       2.62200
      14.09538       2.52700
      14.13138       2.60000
      14.16838       2.99200
      14.20438       3.28200
      14.24138       3.33200
      14.27738       3.27000
      14.31338       3.22200
      14.35038       3.16800
      14.38638       3.20200
      14.42338       3.98500
      14.45938       4.69600
      14.49538       3.94400
      14.53238       2.89000
      14.56838       2.71500
      14.60538       3.29800
      14.64138       4.10100
      14.67838       4.48400
      14.71438       4.34500
      14.75038       4.29700
      14.78738       4.60000
      14.82338       4.54600
      14.86038       3.73100
      14.89638       3.56300
      14.93238       3.73700
      14.96938       3.53700
      15.00538       3.09300
      15.04238       2.58000
      15.07838       2.52900
      15.11438       2.94900
      15.15138       3.06700
      15.18738       2.73400
      15.22438       2.26600
      15.26038       1.95200
      15.29638       2.02500
      15.33338       2.24700
      15.36938       2.39000
      15.40638       2.88500
      15.44238       3.65800
      15.47938       4.23400
      15.51538       5.35700
      15.55138       6.54600
      15.58838       6.47100
      15.62438       5.30600
      15.66138       4.03500
      15.69738       3.27900
      15.73338       3.47800
      15.77038       4.04800
      15.80638       4.24500
      15.84338       4.08600
      15.87938       4.06000
      15.91538       4.08800
      15.95238       3.99100
      15.98838       3.82400
      16.02538       3.74500
      16.06138       3.88400
      16.09738       3.73300
      16.13438       3.44100
      16.17038       2.81300
      16.20738       2.43100
      16.24338       2.30800
      16.28038       2.34600
      16.31638       2.60400
      16.35238       2.69700
      16.38938       2.45200
      16.42538       1.90200
      16.46238       1.42100
      16.49838       1.17700
      16.53438       1.05900
      16.57138       0.96480
      16.60738       1.04200
      16.64438       1.03000
      16.68038       0.79070
      16.71638       0.76450
      16.75338       1.02400
      16.78938       1.16700
      16.82638       1.20300
      16.86238       1.09500
      16.89838       0.87980
      16.93538       0.78400
      16.97138       0.59220
      17.00838       0.49370
      17.04438       0.81290
      17.08138       1.37400
      17.11738       1.76300
      17.15338       1.70500
      17.19038       1.23800
      17.22638       0.91160
      17.26338       0.91810
      17.29938       1.07400
      17.33538       1.10300
      17.37238       1.03500
      17.40838       1.60200
      17.44538       2.65300
      17.48138       2.36100
      17.51738       1.10200
      17.55438       0.45660
      17.59038       0.33580
      17.62738       0.49940
      17.66338       0.59460
      17.69938       0.38970
      17.73638       0.17180
      17.77238       0.13530
      17.80938       0.25690
      17.84538       0.39810
      17.88238       0.41390
      17.91838       0.25240
      17.95438       0.08396
      17.99138       0.06271
      18.02738       0.13930
      18.06438       0.24920
      18.10038       0.45250
      18.13638       0.53510
      18.17338       0.31810
      18.20938       0.14040
      18.24638       0.12720
      18.28238       0.09073
      18.31838       0.06670
      18.35538       0.19050
      18.39138       0.39700
      18.42838       0.45810
      18.46438       0.30490
      18.50038       0.12150
      18.53738       0.08708
      18.57338       0.20020
      18.61038       0.35420
      18.64638       0.37120
      18.68238       0.21130
      18.71938       0.19730
      18.75538       0.33960
      18.79238       0.30490
      18.82838       0.20350
      18.86538       0.25700
      18.90138       0.33100
      18.93738       0.28900
      18.97438       0.22200
      19.01038       0.29970
      19.04738       0.45210
      19.08338       0.41070
      19.11938       0.35190
      19.15638       0.36330
      19.19238       0.24210
      19.22938       0.17370
      19.26538       0.23640
      19.30138       0.36290
      19.33838       0.54530
      19.37438       0.58170
      19.41138       0.44850
      19.44738       0.37020
      19.48338       0.38450
      19.52038       0.55520
      19.55638       0.91080
      19.59338       0.96650
      19.62938       0.47600
      19.66638       0.09760
      19.70238       0.00794
      19.73838       0.00025
      19.77538       0.00000
      19.81138       0.00000
      19.84838       0.00000
      19.88438       0.00000
      19.92038       0.00000
      19.95738       0.00000
      19.99338       0.00000
      20.03038       0.00000
      20.06638       0.00000
      20.10238       0.00000
      20.13938       0.00000
      20.17538       0.00000
      20.21238       0.00000
      20.24838       0.00000
      20.28438       0.00000
      20.32138       0.00000
      20.35738       0.00000
      20.39438       0.00000
      20.43038       0.00000
      20.46738       0.00000
      20.50338       0.00000
      20.53938       0.00000
      20.57638       0.00000
      20.61238       0.00000
      20.64938       0.00000
      20.68538       0.00000
      20.72138       0.00000
      20.75838       0.00000
      20.79438       0.00000
      20.83138       0.00000
      20.86738       0.00000
      20.90338       0.00000
      20.94038       0.00000
      20.97638       0.00000
      21.01338       0.00000
      21.04938       0.00000
      21.08538       0.00000
      21.12238       0.00000
      21.15838       0.00000
      21.19538       0.00000
      21.23138       0.00000
