   57

    1
0.0000000000e+00 0.0000000000e+00 0.0000000000e+00
0.0000000000e+00 0.0000000000e+00 0.0000000000e+00
     1      1      1
 1  1  1    -4.0314318491e+00
 1  1  2     0.0000000000e+00
 1  1  3     0.0000000000e+00
 1  2  1     0.0000000000e+00
 1  2  2    -1.3438106559e+00
 1  2  3    -5.0088880691e+00
 1  3  1     0.0000000000e+00
 1  3  2    -5.0088880691e+00
 1  3  3    -7.9789464546e+00
 2  1  1     0.0000000000e+00
 2  1  2    -1.3438106559e+00
 2  1  3    -5.0088880691e+00
 2  2  1    -1.3438106559e+00
 2  2  2     0.0000000000e+00
 2  2  3     0.0000000000e+00
 2  3  1    -5.0088880691e+00
 2  3  2     0.0000000000e+00
 2  3  3     0.0000000000e+00
 3  1  1     0.0000000000e+00
 3  1  2    -5.0088880691e+00
 3  1  3    -7.9789464546e+00
 3  2  1    -5.0088880691e+00
 3  2  2     0.0000000000e+00
 3  2  3     0.0000000000e+00
 3  3  1    -7.9789464546e+00
 3  3  2     0.0000000000e+00
 3  3  3     0.0000000000e+00

    2
0.0000000000e+00 0.0000000000e+00 0.0000000000e+00
0.0000000000e+00 0.0000000000e+00 0.0000000000e+00
     1      1      2
 1  1  1     2.2335706621e+00
 1  1  2    -1.6470277183e+00
 1  1  3    -4.0287907391e+00
 1  2  1    -1.6470283970e+00
 1  2  2     7.4452348262e-01
 1  2  3     2.5367664644e+00
 1  3  1    -4.0287906662e+00
 1  3  2     2.5367664462e+00
 1  3  3     4.3798139033e+00
 2  1  1    -1.6470283970e+00
 2  1  2     7.4452348262e-01
 2  1  3     2.5367664644e+00
 2  2  1     7.4452345059e-01
 2  2  2    -7.2374820002e-02
 2  2  3    -1.0995857723e+00
 2  3  1     2.5367664457e+00
 2  3  2    -1.0995857726e+00
 2  3  3    -2.5286870829e+00
 3  1  1    -4.0287906662e+00
 3  1  2     2.5367664462e+00
 3  1  3     4.3798139033e+00
 3  2  1     2.5367664457e+00
 3  2  2    -1.0995857726e+00
 3  2  3    -2.5286870829e+00
 3  3  1     4.3798139277e+00
 3  3  2    -2.5286869844e+00
 3  3  3    -4.3058500000e+00

    3
0.0000000000e+00 0.0000000000e+00 0.0000000000e+00
0.0000000000e+00 0.0000000000e+00 0.0000000000e+00
     1      1      3
 1  1  1    -1.0846053721e-01
 1  1  2     1.0441728090e-02
 1  1  3     3.0036273701e-02
 1  2  1     1.0441728474e-02
 1  2  2     2.0328000866e-01
 1  2  3    -2.1657537709e-02
 1  3  1     3.0036273700e-02
 1  3  2    -2.1657537724e-02
 1  3  3    -2.6449391857e-02
 2  1  1     1.0441728474e-02
 2  1  2     2.0328000866e-01
 2  1  3    -2.1657537709e-02
 2  2  1     2.0327998646e-01
 2  2  2    -5.1008337575e-01
 2  2  3     2.9657812624e-02
 2  3  1    -2.1657537710e-02
 2  3  2     2.9657812599e-02
 2  3  3    -4.0491495851e-01
 3  1  1     3.0036273700e-02
 3  1  2    -2.1657537724e-02
 3  1  3    -2.6449391857e-02
 3  2  1    -2.1657537710e-02
 3  2  2     2.9657812599e-02
 3  2  3    -4.0491495851e-01
 3  3  1    -2.6449391841e-02
 3  3  2    -4.0491495730e-01
 3  3  3     6.8204244740e-01

    4
0.0000000000e+00 0.0000000000e+00 0.0000000000e+00
4.5123740000e+00 0.0000000000e+00 0.0000000000e+00
     1      1      2
 1  1  1    -1.0939410423e-01
 1  1  2    -2.1833615321e-01
 1  1  3    -1.0996446830e-02
 1  2  1    -2.1833619808e-01
 1  2  2    -2.7589819335e-01
 1  2  3    -1.0664887177e-02
 1  3  1    -1.0996446829e-02
 1  3  2    -1.0664887214e-02
 1  3  3    -3.6389129334e-01
 2  1  1    -2.1833619808e-01
 2  1  2    -2.7589819335e-01
 2  1  3    -1.0664887177e-02
 2  2  1    -2.7589823179e-01
 2  2  2    -1.1360045428e-01
 2  2  3    -4.8697644164e-02
 2  3  1    -1.0664887185e-02
 2  3  2    -4.8697644161e-02
 2  3  3    -1.7955163073e-01
 3  1  1    -1.0996446829e-02
 3  1  2    -1.0664887214e-02
 3  1  3    -3.6389129334e-01
 3  2  1    -1.0664887185e-02
 3  2  2    -4.8697644161e-02
 3  2  3    -1.7955163073e-01
 3  3  1    -3.6389129089e-01
 3  3  2    -1.7955163064e-01
 3  3  3    -6.8204244740e-01

    5
0.0000000000e+00 0.0000000000e+00 0.0000000000e+00
2.2561870000e+00 -3.9078310000e+00 0.0000000000e+00
     1      1      2
 1  1  1    -1.0846053721e-01
 1  1  2    -1.0441728090e-02
 1  1  3    -3.0036273701e-02
 1  2  1    -1.0441728474e-02
 1  2  2     2.0328000866e-01
 1  2  3    -2.1657537709e-02
 1  3  1    -3.0036273700e-02
 1  3  2    -2.1657537724e-02
 1  3  3    -2.6449391857e-02
 2  1  1    -1.0441728474e-02
 2  1  2     2.0328000866e-01
 2  1  3    -2.1657537709e-02
 2  2  1     2.0327998646e-01
 2  2  2     5.1008337575e-01
 2  2  3    -2.9657812624e-02
 2  3  1    -2.1657537710e-02
 2  3  2    -2.9657812599e-02
 2  3  3     4.0491495851e-01
 3  1  1    -3.0036273700e-02
 3  1  2    -2.1657537724e-02
 3  1  3    -2.6449391857e-02
 3  2  1    -2.1657537710e-02
 3  2  2    -2.9657812599e-02
 3  2  3     4.0491495851e-01
 3  3  1    -2.6449391841e-02
 3  3  2     4.0491495730e-01
 3  3  3    -6.8204244740e-01

    6
0.0000000000e+00 0.0000000000e+00 0.0000000000e+00
2.2561870000e+00 -3.9078310000e+00 0.0000000000e+00
     1      1      3
 1  1  1    -1.0939410423e-01
 1  1  2     2.1833615321e-01
 1  1  3     1.0996446830e-02
 1  2  1     2.1833619808e-01
 1  2  2    -2.7589819335e-01
 1  2  3    -1.0664887177e-02
 1  3  1     1.0996446829e-02
 1  3  2    -1.0664887214e-02
 1  3  3    -3.6389129334e-01
 2  1  1     2.1833619808e-01
 2  1  2    -2.7589819335e-01
 2  1  3    -1.0664887177e-02
 2  2  1    -2.7589823179e-01
 2  2  2     1.1360045428e-01
 2  2  3     4.8697644164e-02
 2  3  1    -1.0664887185e-02
 2  3  2     4.8697644161e-02
 2  3  3     1.7955163073e-01
 3  1  1     1.0996446829e-02
 3  1  2    -1.0664887214e-02
 3  1  3    -3.6389129334e-01
 3  2  1    -1.0664887185e-02
 3  2  2     4.8697644161e-02
 3  2  3     1.7955163073e-01
 3  3  1    -3.6389129089e-01
 3  3  2     1.7955163064e-01
 3  3  3     6.8204244740e-01

    7
0.0000000000e+00 0.0000000000e+00 0.0000000000e+00
-2.2561870000e+00 -3.9078310000e+00 0.0000000000e+00
     1      1      3
 1  1  1     2.2335706621e+00
 1  1  2     1.6470277183e+00
 1  1  3     4.0287907391e+00
 1  2  1     1.6470283970e+00
 1  2  2     7.4452348262e-01
 1  2  3     2.5367664644e+00
 1  3  1     4.0287906662e+00
 1  3  2     2.5367664462e+00
 1  3  3     4.3798139033e+00
 2  1  1     1.6470283970e+00
 2  1  2     7.4452348262e-01
 2  1  3     2.5367664644e+00
 2  2  1     7.4452345059e-01
 2  2  2     7.2374820002e-02
 2  2  3     1.0995857723e+00
 2  3  1     2.5367664457e+00
 2  3  2     1.0995857726e+00
 2  3  3     2.5286870829e+00
 3  1  1     4.0287906662e+00
 3  1  2     2.5367664462e+00
 3  1  3     4.3798139033e+00
 3  2  1     2.5367664457e+00
 3  2  2     1.0995857726e+00
 3  2  3     2.5286870829e+00
 3  3  1     4.3798139277e+00
 3  3  2     2.5286869844e+00
 3  3  3     4.3058500000e+00

    8
0.0000000000e+00 0.0000000000e+00 0.0000000000e+00
0.0000000000e+00 0.0000000000e+00 0.0000000000e+00
     1      2      1
 1  1  1     2.2335706621e+00
 1  1  2    -1.6470283970e+00
 1  1  3    -4.0287906662e+00
 1  2  1    -1.6470277183e+00
 1  2  2     7.4452348262e-01
 1  2  3     2.5367664462e+00
 1  3  1    -4.0287907391e+00
 1  3  2     2.5367664644e+00
 1  3  3     4.3798139033e+00
 2  1  1    -1.6470283970e+00
 2  1  2     7.4452345059e-01
 2  1  3     2.5367664457e+00
 2  2  1     7.4452348262e-01
 2  2  2    -7.2374820002e-02
 2  2  3    -1.0995857726e+00
 2  3  1     2.5367664644e+00
 2  3  2    -1.0995857723e+00
 2  3  3    -2.5286870829e+00
 3  1  1    -4.0287906662e+00
 3  1  2     2.5367664457e+00
 3  1  3     4.3798139277e+00
 3  2  1     2.5367664462e+00
 3  2  2    -1.0995857726e+00
 3  2  3    -2.5286869844e+00
 3  3  1     4.3798139033e+00
 3  3  2    -2.5286870829e+00
 3  3  3    -4.3058500000e+00

    9
0.0000000000e+00 0.0000000000e+00 0.0000000000e+00
0.0000000000e+00 0.0000000000e+00 0.0000000000e+00
     1      2      2
 1  1  1    -2.2335698828e+00
 1  1  2     1.6470282858e+00
 1  1  3     4.0287907047e+00
 1  2  1     1.6470282858e+00
 1  2  2    -7.4452334318e-01
 1  2  3    -2.5367664240e+00
 1  3  1     4.0287907047e+00
 1  3  2    -2.5367664240e+00
 1  3  3    -4.3798138590e+00
 2  1  1     1.6470285974e+00
 2  1  2    -7.4452394691e-01
 2  1  3    -2.5367664235e+00
 2  2  1    -7.4452394691e-01
 2  2  2     7.2375476703e-02
 2  2  3     1.0995857341e+00
 2  3  1    -2.5367664235e+00
 2  3  2     1.0995857341e+00
 2  3  3     2.5286871034e+00
 3  1  1     4.0287907386e+00
 3  1  2    -2.5367664647e+00
 3  1  3    -4.3798139321e+00
 3  2  1    -2.5367664647e+00
 3  2  2     1.0995857728e+00
 3  2  3     2.5286870330e+00
 3  3  1    -4.3798139321e+00
 3  3  2     2.5286870330e+00
 3  3  3     4.3058500000e+00

   10
0.0000000000e+00 0.0000000000e+00 0.0000000000e+00
0.0000000000e+00 0.0000000000e+00 0.0000000000e+00
     1      3      1
 1  1  1    -1.0846053721e-01
 1  1  2     1.0441728474e-02
 1  1  3     3.0036273700e-02
 1  2  1     1.0441728090e-02
 1  2  2     2.0328000866e-01
 1  2  3    -2.1657537724e-02
 1  3  1     3.0036273701e-02
 1  3  2    -2.1657537709e-02
 1  3  3    -2.6449391857e-02
 2  1  1     1.0441728474e-02
 2  1  2     2.0327998646e-01
 2  1  3    -2.1657537710e-02
 2  2  1     2.0328000866e-01
 2  2  2    -5.1008337575e-01
 2  2  3     2.9657812599e-02
 2  3  1    -2.1657537709e-02
 2  3  2     2.9657812624e-02
 2  3  3    -4.0491495851e-01
 3  1  1     3.0036273700e-02
 3  1  2    -2.1657537710e-02
 3  1  3    -2.6449391841e-02
 3  2  1    -2.1657537724e-02
 3  2  2     2.9657812599e-02
 3  2  3    -4.0491495730e-01
 3  3  1    -2.6449391857e-02
 3  3  2    -4.0491495851e-01
 3  3  3     6.8204244740e-01

   11
0.0000000000e+00 0.0000000000e+00 0.0000000000e+00
0.0000000000e+00 0.0000000000e+00 0.0000000000e+00
     1      3      3
 1  1  1     1.0846054269e-01
 1  1  2    -1.0441730581e-02
 1  1  3    -3.0036273671e-02
 1  2  1    -1.0441730581e-02
 1  2  2    -2.0327993379e-01
 1  2  3     2.1657537730e-02
 1  3  1    -3.0036273671e-02
 1  3  2     2.1657537730e-02
 1  3  3     2.6449391304e-02
 2  1  1    -1.0441719731e-02
 2  1  2    -2.0327999187e-01
 2  1  3     2.1657537701e-02
 2  2  1    -2.0327999187e-01
 2  2  2     5.1008306889e-01
 2  2  3    -2.9657812597e-02
 2  3  1     2.1657537701e-02
 2  3  2    -2.9657812597e-02
 2  3  3     4.0491495653e-01
 3  1  1    -3.0036273694e-02
 3  1  2     2.1657537705e-02
 3  1  3     2.6449392446e-02
 3  2  1     2.1657537705e-02
 3  2  2    -2.9657812579e-02
 3  2  3     4.0491495869e-01
 3  3  1     2.6449392446e-02
 3  3  2     4.0491495869e-01
 3  3  3    -6.8204244740e-01

   12
4.5123740000e+00 0.0000000000e+00 0.0000000000e+00
0.0000000000e+00 0.0000000000e+00 0.0000000000e+00
     1      2      1
 1  1  1    -1.0939410423e-01
 1  1  2    -2.1833619808e-01
 1  1  3    -1.0996446829e-02
 1  2  1    -2.1833615321e-01
 1  2  2    -2.7589819335e-01
 1  2  3    -1.0664887214e-02
 1  3  1    -1.0996446830e-02
 1  3  2    -1.0664887177e-02
 1  3  3    -3.6389129334e-01
 2  1  1    -2.1833619808e-01
 2  1  2    -2.7589823179e-01
 2  1  3    -1.0664887185e-02
 2  2  1    -2.7589819335e-01
 2  2  2    -1.1360045428e-01
 2  2  3    -4.8697644161e-02
 2  3  1    -1.0664887177e-02
 2  3  2    -4.8697644164e-02
 2  3  3    -1.7955163073e-01
 3  1  1    -1.0996446829e-02
 3  1  2    -1.0664887185e-02
 3  1  3    -3.6389129089e-01
 3  2  1    -1.0664887214e-02
 3  2  2    -4.8697644161e-02
 3  2  3    -1.7955163064e-01
 3  3  1    -3.6389129334e-01
 3  3  2    -1.7955163073e-01
 3  3  3    -6.8204244740e-01

   13
4.5123740000e+00 0.0000000000e+00 0.0000000000e+00
4.5123740000e+00 0.0000000000e+00 0.0000000000e+00
     1      2      2
 1  1  1     1.0939426961e-01
 1  1  2     2.1833631282e-01
 1  1  3     1.0996446837e-02
 1  2  1     2.1833631282e-01
 1  2  2     2.7589829584e-01
 1  2  3     1.0664887196e-02
 1  3  1     1.0996446837e-02
 1  3  2     1.0664887196e-02
 1  3  3     3.6389129183e-01
 2  1  1     2.1833629378e-01
 2  1  2     2.7589828440e-01
 2  1  3     1.0664887182e-02
 2  2  1     2.7589828440e-01
 2  2  2     1.1360051331e-01
 2  2  3     4.8697644184e-02
 2  3  1     1.0664887182e-02
 2  3  2     4.8697644184e-02
 2  3  3     1.7955163056e-01
 3  1  1     1.0996446862e-02
 3  1  2     1.0664887196e-02
 3  1  3     3.6389129288e-01
 3  2  1     1.0664887196e-02
 3  2  2     4.8697644185e-02
 3  2  3     1.7955163115e-01
 3  3  1     3.6389129288e-01
 3  3  2     1.7955163115e-01
 3  3  3     6.8204244740e-01

   14
2.2561870000e+00 -3.9078310000e+00 0.0000000000e+00
0.0000000000e+00 0.0000000000e+00 0.0000000000e+00
     1      2      1
 1  1  1    -1.0846053721e-01
 1  1  2    -1.0441728474e-02
 1  1  3    -3.0036273700e-02
 1  2  1    -1.0441728090e-02
 1  2  2     2.0328000866e-01
 1  2  3    -2.1657537724e-02
 1  3  1    -3.0036273701e-02
 1  3  2    -2.1657537709e-02
 1  3  3    -2.6449391857e-02
 2  1  1    -1.0441728474e-02
 2  1  2     2.0327998646e-01
 2  1  3    -2.1657537710e-02
 2  2  1     2.0328000866e-01
 2  2  2     5.1008337575e-01
 2  2  3    -2.9657812599e-02
 2  3  1    -2.1657537709e-02
 2  3  2    -2.9657812624e-02
 2  3  3     4.0491495851e-01
 3  1  1    -3.0036273700e-02
 3  1  2    -2.1657537710e-02
 3  1  3    -2.6449391841e-02
 3  2  1    -2.1657537724e-02
 3  2  2    -2.9657812599e-02
 3  2  3     4.0491495730e-01
 3  3  1    -2.6449391857e-02
 3  3  2     4.0491495851e-01
 3  3  3    -6.8204244740e-01

   15
2.2561870000e+00 -3.9078310000e+00 0.0000000000e+00
2.2561870000e+00 -3.9078310000e+00 0.0000000000e+00
     1      2      2
 1  1  1     1.0846054269e-01
 1  1  2     1.0441730581e-02
 1  1  3     3.0036273671e-02
 1  2  1     1.0441730581e-02
 1  2  2    -2.0327993379e-01
 1  2  3     2.1657537730e-02
 1  3  1     3.0036273671e-02
 1  3  2     2.1657537730e-02
 1  3  3     2.6449391304e-02
 2  1  1     1.0441719731e-02
 2  1  2    -2.0327999187e-01
 2  1  3     2.1657537701e-02
 2  2  1    -2.0327999187e-01
 2  2  2    -5.1008306889e-01
 2  2  3     2.9657812597e-02
 2  3  1     2.1657537701e-02
 2  3  2     2.9657812597e-02
 2  3  3    -4.0491495653e-01
 3  1  1     3.0036273694e-02
 3  1  2     2.1657537705e-02
 3  1  3     2.6449392446e-02
 3  2  1     2.1657537705e-02
 3  2  2     2.9657812579e-02
 3  2  3    -4.0491495869e-01
 3  3  1     2.6449392446e-02
 3  3  2    -4.0491495869e-01
 3  3  3     6.8204244740e-01

   16
2.2561870000e+00 -3.9078310000e+00 0.0000000000e+00
0.0000000000e+00 0.0000000000e+00 0.0000000000e+00
     1      3      1
 1  1  1    -1.0939410423e-01
 1  1  2     2.1833619808e-01
 1  1  3     1.0996446829e-02
 1  2  1     2.1833615321e-01
 1  2  2    -2.7589819335e-01
 1  2  3    -1.0664887214e-02
 1  3  1     1.0996446830e-02
 1  3  2    -1.0664887177e-02
 1  3  3    -3.6389129334e-01
 2  1  1     2.1833619808e-01
 2  1  2    -2.7589823179e-01
 2  1  3    -1.0664887185e-02
 2  2  1    -2.7589819335e-01
 2  2  2     1.1360045428e-01
 2  2  3     4.8697644161e-02
 2  3  1    -1.0664887177e-02
 2  3  2     4.8697644164e-02
 2  3  3     1.7955163073e-01
 3  1  1     1.0996446829e-02
 3  1  2    -1.0664887185e-02
 3  1  3    -3.6389129089e-01
 3  2  1    -1.0664887214e-02
 3  2  2     4.8697644161e-02
 3  2  3     1.7955163064e-01
 3  3  1    -3.6389129334e-01
 3  3  2     1.7955163073e-01
 3  3  3     6.8204244740e-01

   17
2.2561870000e+00 -3.9078310000e+00 0.0000000000e+00
2.2561870000e+00 -3.9078310000e+00 0.0000000000e+00
     1      3      3
 1  1  1     1.0939426961e-01
 1  1  2    -2.1833631282e-01
 1  1  3    -1.0996446837e-02
 1  2  1    -2.1833631282e-01
 1  2  2     2.7589829584e-01
 1  2  3     1.0664887196e-02
 1  3  1    -1.0996446837e-02
 1  3  2     1.0664887196e-02
 1  3  3     3.6389129183e-01
 2  1  1    -2.1833629378e-01
 2  1  2     2.7589828440e-01
 2  1  3     1.0664887182e-02
 2  2  1     2.7589828440e-01
 2  2  2    -1.1360051331e-01
 2  2  3    -4.8697644184e-02
 2  3  1     1.0664887182e-02
 2  3  2    -4.8697644184e-02
 2  3  3    -1.7955163056e-01
 3  1  1    -1.0996446862e-02
 3  1  2     1.0664887196e-02
 3  1  3     3.6389129288e-01
 3  2  1     1.0664887196e-02
 3  2  2    -4.8697644185e-02
 3  2  3    -1.7955163115e-01
 3  3  1     3.6389129288e-01
 3  3  2    -1.7955163115e-01
 3  3  3    -6.8204244740e-01

   18
-2.2561870000e+00 -3.9078310000e+00 0.0000000000e+00
0.0000000000e+00 0.0000000000e+00 0.0000000000e+00
     1      3      1
 1  1  1     2.2335706621e+00
 1  1  2     1.6470283970e+00
 1  1  3     4.0287906662e+00
 1  2  1     1.6470277183e+00
 1  2  2     7.4452348262e-01
 1  2  3     2.5367664462e+00
 1  3  1     4.0287907391e+00
 1  3  2     2.5367664644e+00
 1  3  3     4.3798139033e+00
 2  1  1     1.6470283970e+00
 2  1  2     7.4452345059e-01
 2  1  3     2.5367664457e+00
 2  2  1     7.4452348262e-01
 2  2  2     7.2374820002e-02
 2  2  3     1.0995857726e+00
 2  3  1     2.5367664644e+00
 2  3  2     1.0995857723e+00
 2  3  3     2.5286870829e+00
 3  1  1     4.0287906662e+00
 3  1  2     2.5367664457e+00
 3  1  3     4.3798139277e+00
 3  2  1     2.5367664462e+00
 3  2  2     1.0995857726e+00
 3  2  3     2.5286869844e+00
 3  3  1     4.3798139033e+00
 3  3  2     2.5286870829e+00
 3  3  3     4.3058500000e+00

   19
-2.2561870000e+00 -3.9078310000e+00 0.0000000000e+00
-2.2561870000e+00 -3.9078310000e+00 0.0000000000e+00
     1      3      3
 1  1  1    -2.2335698828e+00
 1  1  2    -1.6470282858e+00
 1  1  3    -4.0287907047e+00
 1  2  1    -1.6470282858e+00
 1  2  2    -7.4452334318e-01
 1  2  3    -2.5367664240e+00
 1  3  1    -4.0287907047e+00
 1  3  2    -2.5367664240e+00
 1  3  3    -4.3798138590e+00
 2  1  1    -1.6470285974e+00
 2  1  2    -7.4452394691e-01
 2  1  3    -2.5367664235e+00
 2  2  1    -7.4452394691e-01
 2  2  2    -7.2375476703e-02
 2  2  3    -1.0995857341e+00
 2  3  1    -2.5367664235e+00
 2  3  2    -1.0995857341e+00
 2  3  3    -2.5286871034e+00
 3  1  1    -4.0287907386e+00
 3  1  2    -2.5367664647e+00
 3  1  3    -4.3798139321e+00
 3  2  1    -2.5367664647e+00
 3  2  2    -1.0995857728e+00
 3  2  3    -2.5286870330e+00
 3  3  1    -4.3798139321e+00
 3  3  2    -2.5286870330e+00
 3  3  3    -4.3058500000e+00

   20
0.0000000000e+00 0.0000000000e+00 0.0000000000e+00
0.0000000000e+00 0.0000000000e+00 0.0000000000e+00
     2      1      1
 1  1  1     2.2335706621e+00
 1  1  2    -1.6470283970e+00
 1  1  3    -4.0287906662e+00
 1  2  1    -1.6470283970e+00
 1  2  2     7.4452345059e-01
 1  2  3     2.5367664457e+00
 1  3  1    -4.0287906662e+00
 1  3  2     2.5367664457e+00
 1  3  3     4.3798139277e+00
 2  1  1    -1.6470277183e+00
 2  1  2     7.4452348262e-01
 2  1  3     2.5367664462e+00
 2  2  1     7.4452348262e-01
 2  2  2    -7.2374820002e-02
 2  2  3    -1.0995857726e+00
 2  3  1     2.5367664462e+00
 2  3  2    -1.0995857726e+00
 2  3  3    -2.5286869844e+00
 3  1  1    -4.0287907391e+00
 3  1  2     2.5367664644e+00
 3  1  3     4.3798139033e+00
 3  2  1     2.5367664644e+00
 3  2  2    -1.0995857723e+00
 3  2  3    -2.5286870829e+00
 3  3  1     4.3798139033e+00
 3  3  2    -2.5286870829e+00
 3  3  3    -4.3058500000e+00

   21
0.0000000000e+00 0.0000000000e+00 0.0000000000e+00
0.0000000000e+00 0.0000000000e+00 0.0000000000e+00
     2      1      2
 1  1  1    -2.2335698828e+00
 1  1  2     1.6470282858e+00
 1  1  3     4.0287907047e+00
 1  2  1     1.6470285974e+00
 1  2  2    -7.4452394691e-01
 1  2  3    -2.5367664235e+00
 1  3  1     4.0287907386e+00
 1  3  2    -2.5367664647e+00
 1  3  3    -4.3798139321e+00
 2  1  1     1.6470282858e+00
 2  1  2    -7.4452334318e-01
 2  1  3    -2.5367664240e+00
 2  2  1    -7.4452394691e-01
 2  2  2     7.2375476703e-02
 2  2  3     1.0995857341e+00
 2  3  1    -2.5367664647e+00
 2  3  2     1.0995857728e+00
 2  3  3     2.5286870330e+00
 3  1  1     4.0287907047e+00
 3  1  2    -2.5367664240e+00
 3  1  3    -4.3798138590e+00
 3  2  1    -2.5367664235e+00
 3  2  2     1.0995857341e+00
 3  2  3     2.5286871034e+00
 3  3  1    -4.3798139321e+00
 3  3  2     2.5286870330e+00
 3  3  3     4.3058500000e+00

   22
0.0000000000e+00 0.0000000000e+00 0.0000000000e+00
0.0000000000e+00 0.0000000000e+00 0.0000000000e+00
     2      2      1
 1  1  1    -2.2335698828e+00
 1  1  2     1.6470285974e+00
 1  1  3     4.0287907386e+00
 1  2  1     1.6470282858e+00
 1  2  2    -7.4452394691e-01
 1  2  3    -2.5367664647e+00
 1  3  1     4.0287907047e+00
 1  3  2    -2.5367664235e+00
 1  3  3    -4.3798139321e+00
 2  1  1     1.6470282858e+00
 2  1  2    -7.4452394691e-01
 2  1  3    -2.5367664647e+00
 2  2  1    -7.4452334318e-01
 2  2  2     7.2375476703e-02
 2  2  3     1.0995857728e+00
 2  3  1    -2.5367664240e+00
 2  3  2     1.0995857341e+00
 2  3  3     2.5286870330e+00
 3  1  1     4.0287907047e+00
 3  1  2    -2.5367664235e+00
 3  1  3    -4.3798139321e+00
 3  2  1    -2.5367664240e+00
 3  2  2     1.0995857341e+00
 3  2  3     2.5286870330e+00
 3  3  1    -4.3798138590e+00
 3  3  2     2.5286871034e+00
 3  3  3     4.3058500000e+00

   23
0.0000000000e+00 0.0000000000e+00 0.0000000000e+00
0.0000000000e+00 0.0000000000e+00 0.0000000000e+00
     2      2      2
 1  1  1     2.0157155940e+00
 1  1  2    -1.1637742124e+00
 1  1  3    -4.3378237746e+00
 1  2  1    -1.1637742124e+00
 1  2  2     6.7190565844e-01
 1  2  3     2.5044440346e+00
 1  3  1    -4.3378237746e+00
 1  3  2     2.5044440346e+00
 1  3  3     3.9894732273e+00
 2  1  1    -1.1637742124e+00
 2  1  2     6.7190565844e-01
 2  1  3     2.5044440346e+00
 2  2  1     6.7190565844e-01
 2  2  2    -3.4913235030e+00
 2  2  3     4.3378248505e+00
 2  3  1     2.5044440346e+00
 2  3  2     4.3378248505e+00
 2  3  3    -6.9099711820e+00
 3  1  1    -4.3378237746e+00
 3  1  2     2.5044440346e+00
 3  1  3     3.9894732273e+00
 3  2  1     2.5044440346e+00
 3  2  2     4.3378248505e+00
 3  2  3    -6.9099711820e+00
 3  3  1     3.9894732273e+00
 3  3  2    -6.9099711820e+00
 3  3  3     0.0000000000e+00

   24
0.0000000000e+00 0.0000000000e+00 0.0000000000e+00
-4.5123740000e+00 0.0000000000e+00 0.0000000000e+00
     2      2      1
 1  1  1     1.0939426961e-01
 1  1  2     2.1833629378e-01
 1  1  3     1.0996446862e-02
 1  2  1     2.1833631282e-01
 1  2  2     2.7589828440e-01
 1  2  3     1.0664887196e-02
 1  3  1     1.0996446837e-02
 1  3  2     1.0664887182e-02
 1  3  3     3.6389129288e-01
 2  1  1     2.1833631282e-01
 2  1  2     2.7589828440e-01
 2  1  3     1.0664887196e-02
 2  2  1     2.7589829584e-01
 2  2  2     1.1360051331e-01
 2  2  3     4.8697644185e-02
 2  3  1     1.0664887196e-02
 2  3  2     4.8697644184e-02
 2  3  3     1.7955163115e-01
 3  1  1     1.0996446837e-02
 3  1  2     1.0664887182e-02
 3  1  3     3.6389129288e-01
 3  2  1     1.0664887196e-02
 3  2  2     4.8697644184e-02
 3  2  3     1.7955163115e-01
 3  3  1     3.6389129183e-01
 3  3  2     1.7955163056e-01
 3  3  3     6.8204244740e-01

   25
0.0000000000e+00 0.0000000000e+00 0.0000000000e+00
-2.2561870000e+00 3.9078310000e+00 0.0000000000e+00
     2      2      1
 1  1  1     1.0846054269e-01
 1  1  2     1.0441719731e-02
 1  1  3     3.0036273694e-02
 1  2  1     1.0441730581e-02
 1  2  2    -2.0327999187e-01
 1  2  3     2.1657537705e-02
 1  3  1     3.0036273671e-02
 1  3  2     2.1657537701e-02
 1  3  3     2.6449392446e-02
 2  1  1     1.0441730581e-02
 2  1  2    -2.0327999187e-01
 2  1  3     2.1657537705e-02
 2  2  1    -2.0327993379e-01
 2  2  2    -5.1008306889e-01
 2  2  3     2.9657812579e-02
 2  3  1     2.1657537730e-02
 2  3  2     2.9657812597e-02
 2  3  3    -4.0491495869e-01
 3  1  1     3.0036273671e-02
 3  1  2     2.1657537701e-02
 3  1  3     2.6449392446e-02
 3  2  1     2.1657537730e-02
 3  2  2     2.9657812597e-02
 3  2  3    -4.0491495869e-01
 3  3  1     2.6449391304e-02
 3  3  2    -4.0491495653e-01
 3  3  3     6.8204244740e-01

   26
0.0000000000e+00 0.0000000000e+00 0.0000000000e+00
0.0000000000e+00 0.0000000000e+00 6.0194979900e+00
     2      2      3
 1  1  1    -5.3965902471e-01
 1  1  2    -1.7727830384e-01
 1  1  3    -4.8508397890e-02
 1  2  1    -1.7727828441e-01
 1  2  2     5.9547132855e-02
 1  2  3     1.0992650514e-02
 1  3  1    -4.8508397878e-02
 1  3  2     1.0992650521e-02
 1  3  3    -3.3744190103e-01
 2  1  1    -1.7727828441e-01
 2  1  2     5.9547132855e-02
 2  1  3     1.0992650514e-02
 2  2  1     5.9547143626e-02
 2  2  2     9.5735639815e-03
 2  2  3    -1.1185683853e-02
 2  3  1     1.0992650535e-02
 2  3  2    -1.1185683840e-02
 2  3  3    -2.2536332736e-01
 3  1  1    -4.8508397878e-02
 3  1  2     1.0992650521e-02
 3  1  3    -3.3744190103e-01
 3  2  1     1.0992650535e-02
 3  2  2    -1.1185683840e-02
 3  2  3    -2.2536332736e-01
 3  3  1    -3.3744189999e-01
 3  3  2    -2.2536332674e-01
 3  3  3    -6.8204244740e-01

   27
0.0000000000e+00 0.0000000000e+00 0.0000000000e+00
-4.5123740000e+00 0.0000000000e+00 6.0194979900e+00
     2      2      3
 1  1  1     5.3965879326e-01
 1  1  2    -1.7727821951e-01
 1  1  3    -4.8508397851e-02
 1  2  1    -1.7727816379e-01
 1  2  2    -5.9547180123e-02
 1  2  3    -1.0992650528e-02
 1  3  1    -4.8508397868e-02
 1  3  2    -1.0992650530e-02
 1  3  3     3.3744190089e-01
 2  1  1    -1.7727816379e-01
 2  1  2    -5.9547180123e-02
 2  1  3    -1.0992650528e-02
 2  2  1    -5.9547199766e-02
 2  2  2     9.5735785521e-03
 2  2  3    -1.1185683840e-02
 2  3  1    -1.0992650501e-02
 2  3  2    -1.1185683819e-02
 2  3  3    -2.2536332796e-01
 3  1  1    -4.8508397868e-02
 3  1  2    -1.0992650530e-02
 3  1  3     3.3744190089e-01
 3  2  1    -1.0992650501e-02
 3  2  2    -1.1185683819e-02
 3  2  3    -2.2536332796e-01
 3  3  1     3.3744189959e-01
 3  3  2    -2.2536332589e-01
 3  3  3    -6.8204244740e-01

   28
0.0000000000e+00 0.0000000000e+00 0.0000000000e+00
-2.2561870000e+00 -3.9078310000e+00 6.0194979900e+00
     2      2      3
 1  1  1    -1.7909601294e-07
 1  1  2    -3.5747596696e-01
 1  1  3     3.6501711972e-01
 1  2  1    -3.5747559990e-01
 1  2  2    -1.3586896593e-07
 1  2  3     3.0555841191e-10
 1  3  1     3.6501712176e-01
 1  3  2    -2.1991806709e-08
 1  3  3     2.8794346463e-08
 2  1  1    -3.5747559990e-01
 2  1  2    -1.3586896593e-07
 2  1  3     3.0555841191e-10
 2  2  1    -7.0756041007e-07
 2  2  2     3.7962834851e+00
 2  2  3    -5.4933947209e+00
 2  3  1    -2.2465347138e-08
 2  3  2    -5.4933946503e+00
 2  3  3     5.0573741160e+00
 3  1  1     3.6501712176e-01
 3  1  2    -2.1991806709e-08
 3  1  3     2.8794346463e-08
 3  2  1    -2.2465347138e-08
 3  2  2    -5.4933946503e+00
 3  2  3     5.0573741160e+00
 3  3  1    -6.8721582203e-08
 3  3  2     5.0573740878e+00
 3  3  3    -4.3058500000e+00

   29
-4.5123740000e+00 0.0000000000e+00 0.0000000000e+00
0.0000000000e+00 0.0000000000e+00 0.0000000000e+00
     2      1      2
 1  1  1     1.0939426961e-01
 1  1  2     2.1833631282e-01
 1  1  3     1.0996446837e-02
 1  2  1     2.1833629378e-01
 1  2  2     2.7589828440e-01
 1  2  3     1.0664887182e-02
 1  3  1     1.0996446862e-02
 1  3  2     1.0664887196e-02
 1  3  3     3.6389129288e-01
 2  1  1     2.1833631282e-01
 2  1  2     2.7589829584e-01
 2  1  3     1.0664887196e-02
 2  2  1     2.7589828440e-01
 2  2  2     1.1360051331e-01
 2  2  3     4.8697644184e-02
 2  3  1     1.0664887196e-02
 2  3  2     4.8697644185e-02
 2  3  3     1.7955163115e-01
 3  1  1     1.0996446837e-02
 3  1  2     1.0664887196e-02
 3  1  3     3.6389129183e-01
 3  2  1     1.0664887182e-02
 3  2  2     4.8697644184e-02
 3  2  3     1.7955163056e-01
 3  3  1     3.6389129288e-01
 3  3  2     1.7955163115e-01
 3  3  3     6.8204244740e-01

   30
-4.5123740000e+00 0.0000000000e+00 0.0000000000e+00
-4.5123740000e+00 0.0000000000e+00 0.0000000000e+00
     2      1      1
 1  1  1    -1.0939410423e-01
 1  1  2    -2.1833619808e-01
 1  1  3    -1.0996446829e-02
 1  2  1    -2.1833619808e-01
 1  2  2    -2.7589823179e-01
 1  2  3    -1.0664887185e-02
 1  3  1    -1.0996446829e-02
 1  3  2    -1.0664887185e-02
 1  3  3    -3.6389129089e-01
 2  1  1    -2.1833615321e-01
 2  1  2    -2.7589819335e-01
 2  1  3    -1.0664887214e-02
 2  2  1    -2.7589819335e-01
 2  2  2    -1.1360045428e-01
 2  2  3    -4.8697644161e-02
 2  3  1    -1.0664887214e-02
 2  3  2    -4.8697644161e-02
 2  3  3    -1.7955163064e-01
 3  1  1    -1.0996446830e-02
 3  1  2    -1.0664887177e-02
 3  1  3    -3.6389129334e-01
 3  2  1    -1.0664887177e-02
 3  2  2    -4.8697644164e-02
 3  2  3    -1.7955163073e-01
 3  3  1    -3.6389129334e-01
 3  3  2    -1.7955163073e-01
 3  3  3    -6.8204244740e-01

   31
-2.2561870000e+00 3.9078310000e+00 0.0000000000e+00
0.0000000000e+00 0.0000000000e+00 0.0000000000e+00
     2      1      2
 1  1  1     1.0846054269e-01
 1  1  2     1.0441730581e-02
 1  1  3     3.0036273671e-02
 1  2  1     1.0441719731e-02
 1  2  2    -2.0327999187e-01
 1  2  3     2.1657537701e-02
 1  3  1     3.0036273694e-02
 1  3  2     2.1657537705e-02
 1  3  3     2.6449392446e-02
 2  1  1     1.0441730581e-02
 2  1  2    -2.0327993379e-01
 2  1  3     2.1657537730e-02
 2  2  1    -2.0327999187e-01
 2  2  2    -5.1008306889e-01
 2  2  3     2.9657812597e-02
 2  3  1     2.1657537705e-02
 2  3  2     2.9657812579e-02
 2  3  3    -4.0491495869e-01
 3  1  1     3.0036273671e-02
 3  1  2     2.1657537730e-02
 3  1  3     2.6449391304e-02
 3  2  1     2.1657537701e-02
 3  2  2     2.9657812597e-02
 3  2  3    -4.0491495653e-01
 3  3  1     2.6449392446e-02
 3  3  2    -4.0491495869e-01
 3  3  3     6.8204244740e-01

   32
-2.2561870000e+00 3.9078310000e+00 0.0000000000e+00
-2.2561870000e+00 3.9078310000e+00 0.0000000000e+00
     2      1      1
 1  1  1    -1.0846053721e-01
 1  1  2    -1.0441728474e-02
 1  1  3    -3.0036273700e-02
 1  2  1    -1.0441728474e-02
 1  2  2     2.0327998646e-01
 1  2  3    -2.1657537710e-02
 1  3  1    -3.0036273700e-02
 1  3  2    -2.1657537710e-02
 1  3  3    -2.6449391841e-02
 2  1  1    -1.0441728090e-02
 2  1  2     2.0328000866e-01
 2  1  3    -2.1657537724e-02
 2  2  1     2.0328000866e-01
 2  2  2     5.1008337575e-01
 2  2  3    -2.9657812599e-02
 2  3  1    -2.1657537724e-02
 2  3  2    -2.9657812599e-02
 2  3  3     4.0491495730e-01
 3  1  1    -3.0036273701e-02
 3  1  2    -2.1657537709e-02
 3  1  3    -2.6449391857e-02
 3  2  1    -2.1657537709e-02
 3  2  2    -2.9657812624e-02
 3  2  3     4.0491495851e-01
 3  3  1    -2.6449391857e-02
 3  3  2     4.0491495851e-01
 3  3  3    -6.8204244740e-01

   33
0.0000000000e+00 0.0000000000e+00 6.0194979900e+00
0.0000000000e+00 0.0000000000e+00 0.0000000000e+00
     2      3      2
 1  1  1    -5.3965902471e-01
 1  1  2    -1.7727828441e-01
 1  1  3    -4.8508397878e-02
 1  2  1    -1.7727830384e-01
 1  2  2     5.9547132855e-02
 1  2  3     1.0992650521e-02
 1  3  1    -4.8508397890e-02
 1  3  2     1.0992650514e-02
 1  3  3    -3.3744190103e-01
 2  1  1    -1.7727828441e-01
 2  1  2     5.9547143626e-02
 2  1  3     1.0992650535e-02
 2  2  1     5.9547132855e-02
 2  2  2     9.5735639815e-03
 2  2  3    -1.1185683840e-02
 2  3  1     1.0992650514e-02
 2  3  2    -1.1185683853e-02
 2  3  3    -2.2536332736e-01
 3  1  1    -4.8508397878e-02
 3  1  2     1.0992650535e-02
 3  1  3    -3.3744189999e-01
 3  2  1     1.0992650521e-02
 3  2  2    -1.1185683840e-02
 3  2  3    -2.2536332674e-01
 3  3  1    -3.3744190103e-01
 3  3  2    -2.2536332736e-01
 3  3  3    -6.8204244740e-01

   34
0.0000000000e+00 0.0000000000e+00 6.0194979900e+00
0.0000000000e+00 0.0000000000e+00 6.0194979900e+00
     2      3      3
 1  1  1     5.3965879326e-01
 1  1  2     1.7727816379e-01
 1  1  3     4.8508397868e-02
 1  2  1     1.7727816379e-01
 1  2  2    -5.9547199766e-02
 1  2  3    -1.0992650501e-02
 1  3  1     4.8508397868e-02
 1  3  2    -1.0992650501e-02
 1  3  3     3.3744189959e-01
 2  1  1     1.7727821951e-01
 2  1  2    -5.9547180123e-02
 2  1  3    -1.0992650530e-02
 2  2  1    -5.9547180123e-02
 2  2  2    -9.5735785521e-03
 2  2  3     1.1185683819e-02
 2  3  1    -1.0992650530e-02
 2  3  2     1.1185683819e-02
 2  3  3     2.2536332589e-01
 3  1  1     4.8508397851e-02
 3  1  2    -1.0992650528e-02
 3  1  3     3.3744190089e-01
 3  2  1    -1.0992650528e-02
 3  2  2     1.1185683840e-02
 3  2  3     2.2536332796e-01
 3  3  1     3.3744190089e-01
 3  3  2     2.2536332796e-01
 3  3  3     6.8204244740e-01

   35
-4.5123740000e+00 0.0000000000e+00 6.0194979900e+00
0.0000000000e+00 0.0000000000e+00 0.0000000000e+00
     2      3      2
 1  1  1     5.3965879326e-01
 1  1  2    -1.7727816379e-01
 1  1  3    -4.8508397868e-02
 1  2  1    -1.7727821951e-01
 1  2  2    -5.9547180123e-02
 1  2  3    -1.0992650530e-02
 1  3  1    -4.8508397851e-02
 1  3  2    -1.0992650528e-02
 1  3  3     3.3744190089e-01
 2  1  1    -1.7727816379e-01
 2  1  2    -5.9547199766e-02
 2  1  3    -1.0992650501e-02
 2  2  1    -5.9547180123e-02
 2  2  2     9.5735785521e-03
 2  2  3    -1.1185683819e-02
 2  3  1    -1.0992650528e-02
 2  3  2    -1.1185683840e-02
 2  3  3    -2.2536332796e-01
 3  1  1    -4.8508397868e-02
 3  1  2    -1.0992650501e-02
 3  1  3     3.3744189959e-01
 3  2  1    -1.0992650530e-02
 3  2  2    -1.1185683819e-02
 3  2  3    -2.2536332589e-01
 3  3  1     3.3744190089e-01
 3  3  2    -2.2536332796e-01
 3  3  3    -6.8204244740e-01

   36
-4.5123740000e+00 0.0000000000e+00 6.0194979900e+00
-4.5123740000e+00 0.0000000000e+00 6.0194979900e+00
     2      3      3
 1  1  1    -5.3965902471e-01
 1  1  2     1.7727828441e-01
 1  1  3     4.8508397878e-02
 1  2  1     1.7727828441e-01
 1  2  2     5.9547143626e-02
 1  2  3     1.0992650535e-02
 1  3  1     4.8508397878e-02
 1  3  2     1.0992650535e-02
 1  3  3    -3.3744189999e-01
 2  1  1     1.7727830384e-01
 2  1  2     5.9547132855e-02
 2  1  3     1.0992650521e-02
 2  2  1     5.9547132855e-02
 2  2  2    -9.5735639815e-03
 2  2  3     1.1185683840e-02
 2  3  1     1.0992650521e-02
 2  3  2     1.1185683840e-02
 2  3  3     2.2536332674e-01
 3  1  1     4.8508397890e-02
 3  1  2     1.0992650514e-02
 3  1  3    -3.3744190103e-01
 3  2  1     1.0992650514e-02
 3  2  2     1.1185683853e-02
 3  2  3     2.2536332736e-01
 3  3  1    -3.3744190103e-01
 3  3  2     2.2536332736e-01
 3  3  3     6.8204244740e-01

   37
-2.2561870000e+00 -3.9078310000e+00 6.0194979900e+00
0.0000000000e+00 0.0000000000e+00 0.0000000000e+00
     2      3      2
 1  1  1    -1.7909601294e-07
 1  1  2    -3.5747559990e-01
 1  1  3     3.6501712176e-01
 1  2  1    -3.5747596696e-01
 1  2  2    -1.3586896593e-07
 1  2  3    -2.1991806709e-08
 1  3  1     3.6501711972e-01
 1  3  2     3.0555841191e-10
 1  3  3     2.8794346463e-08
 2  1  1    -3.5747559990e-01
 2  1  2    -7.0756041007e-07
 2  1  3    -2.2465347138e-08
 2  2  1    -1.3586896593e-07
 2  2  2     3.7962834851e+00
 2  2  3    -5.4933946503e+00
 2  3  1     3.0555841191e-10
 2  3  2    -5.4933947209e+00
 2  3  3     5.0573741160e+00
 3  1  1     3.6501712176e-01
 3  1  2    -2.2465347138e-08
 3  1  3    -6.8721582203e-08
 3  2  1    -2.1991806709e-08
 3  2  2    -5.4933946503e+00
 3  2  3     5.0573740878e+00
 3  3  1     2.8794346463e-08
 3  3  2     5.0573741160e+00
 3  3  3    -4.3058500000e+00

   38
-2.2561870000e+00 -3.9078310000e+00 6.0194979900e+00
-2.2561870000e+00 -3.9078310000e+00 6.0194979900e+00
     2      3      3
 1  1  1    -1.7909601304e-07
 1  1  2     3.5747559990e-01
 1  1  3    -3.6501712176e-01
 1  2  1     3.5747559990e-01
 1  2  2    -7.0756041007e-07
 1  2  3    -2.2465347416e-08
 1  3  1    -3.6501712176e-01
 1  3  2    -2.2465347416e-08
 1  3  3    -6.8721581759e-08
 2  1  1     3.5747596696e-01
 2  1  2    -1.3586896587e-07
 2  1  3    -2.1991806987e-08
 2  2  1    -1.3586896565e-07
 2  2  2    -3.7962834851e+00
 2  2  3     5.4933946503e+00
 2  3  1    -2.1991806987e-08
 2  3  2     5.4933946503e+00
 2  3  3    -5.0573740878e+00
 3  1  1    -3.6501711972e-01
 3  1  2     3.0555807884e-10
 3  1  3     2.8794346907e-08
 3  2  1     3.0555807884e-10
 3  2  2     5.4933947209e+00
 3  2  3    -5.0573741160e+00
 3  3  1     2.8794346907e-08
 3  3  2    -5.0573741160e+00
 3  3  3     4.3058500000e+00

   39
0.0000000000e+00 0.0000000000e+00 0.0000000000e+00
0.0000000000e+00 0.0000000000e+00 0.0000000000e+00
     3      1      1
 1  1  1    -1.0846053721e-01
 1  1  2     1.0441728474e-02
 1  1  3     3.0036273700e-02
 1  2  1     1.0441728474e-02
 1  2  2     2.0327998646e-01
 1  2  3    -2.1657537710e-02
 1  3  1     3.0036273700e-02
 1  3  2    -2.1657537710e-02
 1  3  3    -2.6449391841e-02
 2  1  1     1.0441728090e-02
 2  1  2     2.0328000866e-01
 2  1  3    -2.1657537724e-02
 2  2  1     2.0328000866e-01
 2  2  2    -5.1008337575e-01
 2  2  3     2.9657812599e-02
 2  3  1    -2.1657537724e-02
 2  3  2     2.9657812599e-02
 2  3  3    -4.0491495730e-01
 3  1  1     3.0036273701e-02
 3  1  2    -2.1657537709e-02
 3  1  3    -2.6449391857e-02
 3  2  1    -2.1657537709e-02
 3  2  2     2.9657812624e-02
 3  2  3    -4.0491495851e-01
 3  3  1    -2.6449391857e-02
 3  3  2    -4.0491495851e-01
 3  3  3     6.8204244740e-01

   40
0.0000000000e+00 0.0000000000e+00 0.0000000000e+00
0.0000000000e+00 0.0000000000e+00 0.0000000000e+00
     3      1      3
 1  1  1     1.0846054269e-01
 1  1  2    -1.0441730581e-02
 1  1  3    -3.0036273671e-02
 1  2  1    -1.0441719731e-02
 1  2  2    -2.0327999187e-01
 1  2  3     2.1657537701e-02
 1  3  1    -3.0036273694e-02
 1  3  2     2.1657537705e-02
 1  3  3     2.6449392446e-02
 2  1  1    -1.0441730581e-02
 2  1  2    -2.0327993379e-01
 2  1  3     2.1657537730e-02
 2  2  1    -2.0327999187e-01
 2  2  2     5.1008306889e-01
 2  2  3    -2.9657812597e-02
 2  3  1     2.1657537705e-02
 2  3  2    -2.9657812579e-02
 2  3  3     4.0491495869e-01
 3  1  1    -3.0036273671e-02
 3  1  2     2.1657537730e-02
 3  1  3     2.6449391304e-02
 3  2  1     2.1657537701e-02
 3  2  2    -2.9657812597e-02
 3  2  3     4.0491495653e-01
 3  3  1     2.6449392446e-02
 3  3  2     4.0491495869e-01
 3  3  3    -6.8204244740e-01

   41
0.0000000000e+00 0.0000000000e+00 0.0000000000e+00
0.0000000000e+00 0.0000000000e+00 0.0000000000e+00
     3      3      1
 1  1  1     1.0846054269e-01
 1  1  2    -1.0441719731e-02
 1  1  3    -3.0036273694e-02
 1  2  1    -1.0441730581e-02
 1  2  2    -2.0327999187e-01
 1  2  3     2.1657537705e-02
 1  3  1    -3.0036273671e-02
 1  3  2     2.1657537701e-02
 1  3  3     2.6449392446e-02
 2  1  1    -1.0441730581e-02
 2  1  2    -2.0327999187e-01
 2  1  3     2.1657537705e-02
 2  2  1    -2.0327993379e-01
 2  2  2     5.1008306889e-01
 2  2  3    -2.9657812579e-02
 2  3  1     2.1657537730e-02
 2  3  2    -2.9657812597e-02
 2  3  3     4.0491495869e-01
 3  1  1    -3.0036273671e-02
 3  1  2     2.1657537701e-02
 3  1  3     2.6449392446e-02
 3  2  1     2.1657537730e-02
 3  2  2    -2.9657812597e-02
 3  2  3     4.0491495869e-01
 3  3  1     2.6449391304e-02
 3  3  2     4.0491495653e-01
 3  3  3    -6.8204244740e-01

   42
0.0000000000e+00 0.0000000000e+00 0.0000000000e+00
0.0000000000e+00 0.0000000000e+00 0.0000000000e+00
     3      3      3
 1  1  1     2.0157155940e+00
 1  1  2     1.1637742124e+00
 1  1  3     4.3378237746e+00
 1  2  1     1.1637742124e+00
 1  2  2     6.7190565844e-01
 1  2  3     2.5044440346e+00
 1  3  1     4.3378237746e+00
 1  3  2     2.5044440346e+00
 1  3  3     3.9894732273e+00
 2  1  1     1.1637742124e+00
 2  1  2     6.7190565844e-01
 2  1  3     2.5044440346e+00
 2  2  1     6.7190565844e-01
 2  2  2     3.4913235030e+00
 2  2  3    -4.3378248505e+00
 2  3  1     2.5044440346e+00
 2  3  2    -4.3378248505e+00
 2  3  3     6.9099711820e+00
 3  1  1     4.3378237746e+00
 3  1  2     2.5044440346e+00
 3  1  3     3.9894732273e+00
 3  2  1     2.5044440346e+00
 3  2  2    -4.3378248505e+00
 3  2  3     6.9099711820e+00
 3  3  1     3.9894732273e+00
 3  3  2     6.9099711820e+00
 3  3  3     0.0000000000e+00

   43
0.0000000000e+00 0.0000000000e+00 0.0000000000e+00
-2.2561870000e+00 3.9078310000e+00 0.0000000000e+00
     3      3      1
 1  1  1     1.0939426961e-01
 1  1  2    -2.1833629378e-01
 1  1  3    -1.0996446862e-02
 1  2  1    -2.1833631282e-01
 1  2  2     2.7589828440e-01
 1  2  3     1.0664887196e-02
 1  3  1    -1.0996446837e-02
 1  3  2     1.0664887182e-02
 1  3  3     3.6389129288e-01
 2  1  1    -2.1833631282e-01
 2  1  2     2.7589828440e-01
 2  1  3     1.0664887196e-02
 2  2  1     2.7589829584e-01
 2  2  2    -1.1360051331e-01
 2  2  3    -4.8697644185e-02
 2  3  1     1.0664887196e-02
 2  3  2    -4.8697644184e-02
 2  3  3    -1.7955163115e-01
 3  1  1    -1.0996446837e-02
 3  1  2     1.0664887182e-02
 3  1  3     3.6389129288e-01
 3  2  1     1.0664887196e-02
 3  2  2    -4.8697644184e-02
 3  2  3    -1.7955163115e-01
 3  3  1     3.6389129183e-01
 3  3  2    -1.7955163056e-01
 3  3  3    -6.8204244740e-01

   44
0.0000000000e+00 0.0000000000e+00 0.0000000000e+00
2.2561870000e+00 3.9078310000e+00 0.0000000000e+00
     3      3      1
 1  1  1    -2.2335698828e+00
 1  1  2    -1.6470285974e+00
 1  1  3    -4.0287907386e+00
 1  2  1    -1.6470282858e+00
 1  2  2    -7.4452394691e-01
 1  2  3    -2.5367664647e+00
 1  3  1    -4.0287907047e+00
 1  3  2    -2.5367664235e+00
 1  3  3    -4.3798139321e+00
 2  1  1    -1.6470282858e+00
 2  1  2    -7.4452394691e-01
 2  1  3    -2.5367664647e+00
 2  2  1    -7.4452334318e-01
 2  2  2    -7.2375476703e-02
 2  2  3    -1.0995857728e+00
 2  3  1    -2.5367664240e+00
 2  3  2    -1.0995857341e+00
 2  3  3    -2.5286870330e+00
 3  1  1    -4.0287907047e+00
 3  1  2    -2.5367664235e+00
 3  1  3    -4.3798139321e+00
 3  2  1    -2.5367664240e+00
 3  2  2    -1.0995857341e+00
 3  2  3    -2.5286870330e+00
 3  3  1    -4.3798138590e+00
 3  3  2    -2.5286871034e+00
 3  3  3    -4.3058500000e+00

   45
0.0000000000e+00 0.0000000000e+00 0.0000000000e+00
0.0000000000e+00 0.0000000000e+00 -6.0194979900e+00
     3      3      2
 1  1  1     5.3965879326e-01
 1  1  2     1.7727821951e-01
 1  1  3     4.8508397851e-02
 1  2  1     1.7727816379e-01
 1  2  2    -5.9547180123e-02
 1  2  3    -1.0992650528e-02
 1  3  1     4.8508397868e-02
 1  3  2    -1.0992650530e-02
 1  3  3     3.3744190089e-01
 2  1  1     1.7727816379e-01
 2  1  2    -5.9547180123e-02
 2  1  3    -1.0992650528e-02
 2  2  1    -5.9547199766e-02
 2  2  2    -9.5735785521e-03
 2  2  3     1.1185683840e-02
 2  3  1    -1.0992650501e-02
 2  3  2     1.1185683819e-02
 2  3  3     2.2536332796e-01
 3  1  1     4.8508397868e-02
 3  1  2    -1.0992650530e-02
 3  1  3     3.3744190089e-01
 3  2  1    -1.0992650501e-02
 3  2  2     1.1185683819e-02
 3  2  3     2.2536332796e-01
 3  3  1     3.3744189959e-01
 3  3  2     2.2536332589e-01
 3  3  3     6.8204244740e-01

   46
0.0000000000e+00 0.0000000000e+00 0.0000000000e+00
4.5123740000e+00 0.0000000000e+00 -6.0194979900e+00
     3      3      2
 1  1  1    -5.3965902471e-01
 1  1  2     1.7727830384e-01
 1  1  3     4.8508397890e-02
 1  2  1     1.7727828441e-01
 1  2  2     5.9547132855e-02
 1  2  3     1.0992650514e-02
 1  3  1     4.8508397878e-02
 1  3  2     1.0992650521e-02
 1  3  3    -3.3744190103e-01
 2  1  1     1.7727828441e-01
 2  1  2     5.9547132855e-02
 2  1  3     1.0992650514e-02
 2  2  1     5.9547143626e-02
 2  2  2    -9.5735639815e-03
 2  2  3     1.1185683853e-02
 2  3  1     1.0992650535e-02
 2  3  2     1.1185683840e-02
 2  3  3     2.2536332736e-01
 3  1  1     4.8508397878e-02
 3  1  2     1.0992650521e-02
 3  1  3    -3.3744190103e-01
 3  2  1     1.0992650535e-02
 3  2  2     1.1185683840e-02
 3  2  3     2.2536332736e-01
 3  3  1    -3.3744189999e-01
 3  3  2     2.2536332674e-01
 3  3  3     6.8204244740e-01

   47
0.0000000000e+00 0.0000000000e+00 0.0000000000e+00
2.2561870000e+00 3.9078310000e+00 -6.0194979900e+00
     3      3      2
 1  1  1    -1.7909601304e-07
 1  1  2     3.5747596696e-01
 1  1  3    -3.6501711972e-01
 1  2  1     3.5747559990e-01
 1  2  2    -1.3586896587e-07
 1  2  3     3.0555807884e-10
 1  3  1    -3.6501712176e-01
 1  3  2    -2.1991806987e-08
 1  3  3     2.8794346907e-08
 2  1  1     3.5747559990e-01
 2  1  2    -1.3586896587e-07
 2  1  3     3.0555807884e-10
 2  2  1    -7.0756040985e-07
 2  2  2    -3.7962834851e+00
 2  2  3     5.4933947209e+00
 2  3  1    -2.2465347416e-08
 2  3  2     5.4933946503e+00
 2  3  3    -5.0573741160e+00
 3  1  1    -3.6501712176e-01
 3  1  2    -2.1991806987e-08
 3  1  3     2.8794346907e-08
 3  2  1    -2.2465347416e-08
 3  2  2     5.4933946503e+00
 3  2  3    -5.0573741160e+00
 3  3  1    -6.8721581759e-08
 3  3  2    -5.0573740878e+00
 3  3  3     4.3058500000e+00

   48
-2.2561870000e+00 3.9078310000e+00 0.0000000000e+00
0.0000000000e+00 0.0000000000e+00 0.0000000000e+00
     3      1      3
 1  1  1     1.0939426961e-01
 1  1  2    -2.1833631282e-01
 1  1  3    -1.0996446837e-02
 1  2  1    -2.1833629378e-01
 1  2  2     2.7589828440e-01
 1  2  3     1.0664887182e-02
 1  3  1    -1.0996446862e-02
 1  3  2     1.0664887196e-02
 1  3  3     3.6389129288e-01
 2  1  1    -2.1833631282e-01
 2  1  2     2.7589829584e-01
 2  1  3     1.0664887196e-02
 2  2  1     2.7589828440e-01
 2  2  2    -1.1360051331e-01
 2  2  3    -4.8697644184e-02
 2  3  1     1.0664887196e-02
 2  3  2    -4.8697644185e-02
 2  3  3    -1.7955163115e-01
 3  1  1    -1.0996446837e-02
 3  1  2     1.0664887196e-02
 3  1  3     3.6389129183e-01
 3  2  1     1.0664887182e-02
 3  2  2    -4.8697644184e-02
 3  2  3    -1.7955163056e-01
 3  3  1     3.6389129288e-01
 3  3  2    -1.7955163115e-01
 3  3  3    -6.8204244740e-01

   49
-2.2561870000e+00 3.9078310000e+00 0.0000000000e+00
-2.2561870000e+00 3.9078310000e+00 0.0000000000e+00
     3      1      1
 1  1  1    -1.0939410423e-01
 1  1  2     2.1833619808e-01
 1  1  3     1.0996446829e-02
 1  2  1     2.1833619808e-01
 1  2  2    -2.7589823179e-01
 1  2  3    -1.0664887185e-02
 1  3  1     1.0996446829e-02
 1  3  2    -1.0664887185e-02
 1  3  3    -3.6389129089e-01
 2  1  1     2.1833615321e-01
 2  1  2    -2.7589819335e-01
 2  1  3    -1.0664887214e-02
 2  2  1    -2.7589819335e-01
 2  2  2     1.1360045428e-01
 2  2  3     4.8697644161e-02
 2  3  1    -1.0664887214e-02
 2  3  2     4.8697644161e-02
 2  3  3     1.7955163064e-01
 3  1  1     1.0996446830e-02
 3  1  2    -1.0664887177e-02
 3  1  3    -3.6389129334e-01
 3  2  1    -1.0664887177e-02
 3  2  2     4.8697644164e-02
 3  2  3     1.7955163073e-01
 3  3  1    -3.6389129334e-01
 3  3  2     1.7955163073e-01
 3  3  3     6.8204244740e-01

   50
2.2561870000e+00 3.9078310000e+00 0.0000000000e+00
0.0000000000e+00 0.0000000000e+00 0.0000000000e+00
     3      1      3
 1  1  1    -2.2335698828e+00
 1  1  2    -1.6470282858e+00
 1  1  3    -4.0287907047e+00
 1  2  1    -1.6470285974e+00
 1  2  2    -7.4452394691e-01
 1  2  3    -2.5367664235e+00
 1  3  1    -4.0287907386e+00
 1  3  2    -2.5367664647e+00
 1  3  3    -4.3798139321e+00
 2  1  1    -1.6470282858e+00
 2  1  2    -7.4452334318e-01
 2  1  3    -2.5367664240e+00
 2  2  1    -7.4452394691e-01
 2  2  2    -7.2375476703e-02
 2  2  3    -1.0995857341e+00
 2  3  1    -2.5367664647e+00
 2  3  2    -1.0995857728e+00
 2  3  3    -2.5286870330e+00
 3  1  1    -4.0287907047e+00
 3  1  2    -2.5367664240e+00
 3  1  3    -4.3798138590e+00
 3  2  1    -2.5367664235e+00
 3  2  2    -1.0995857341e+00
 3  2  3    -2.5286871034e+00
 3  3  1    -4.3798139321e+00
 3  3  2    -2.5286870330e+00
 3  3  3    -4.3058500000e+00

   51
2.2561870000e+00 3.9078310000e+00 0.0000000000e+00
2.2561870000e+00 3.9078310000e+00 0.0000000000e+00
     3      1      1
 1  1  1     2.2335706621e+00
 1  1  2     1.6470283970e+00
 1  1  3     4.0287906662e+00
 1  2  1     1.6470283970e+00
 1  2  2     7.4452345059e-01
 1  2  3     2.5367664457e+00
 1  3  1     4.0287906662e+00
 1  3  2     2.5367664457e+00
 1  3  3     4.3798139277e+00
 2  1  1     1.6470277183e+00
 2  1  2     7.4452348262e-01
 2  1  3     2.5367664462e+00
 2  2  1     7.4452348262e-01
 2  2  2     7.2374820002e-02
 2  2  3     1.0995857726e+00
 2  3  1     2.5367664462e+00
 2  3  2     1.0995857726e+00
 2  3  3     2.5286869844e+00
 3  1  1     4.0287907391e+00
 3  1  2     2.5367664644e+00
 3  1  3     4.3798139033e+00
 3  2  1     2.5367664644e+00
 3  2  2     1.0995857723e+00
 3  2  3     2.5286870829e+00
 3  3  1     4.3798139033e+00
 3  3  2     2.5286870829e+00
 3  3  3     4.3058500000e+00

   52
0.0000000000e+00 0.0000000000e+00 -6.0194979900e+00
0.0000000000e+00 0.0000000000e+00 0.0000000000e+00
     3      2      3
 1  1  1     5.3965879326e-01
 1  1  2     1.7727816379e-01
 1  1  3     4.8508397868e-02
 1  2  1     1.7727821951e-01
 1  2  2    -5.9547180123e-02
 1  2  3    -1.0992650530e-02
 1  3  1     4.8508397851e-02
 1  3  2    -1.0992650528e-02
 1  3  3     3.3744190089e-01
 2  1  1     1.7727816379e-01
 2  1  2    -5.9547199766e-02
 2  1  3    -1.0992650501e-02
 2  2  1    -5.9547180123e-02
 2  2  2    -9.5735785521e-03
 2  2  3     1.1185683819e-02
 2  3  1    -1.0992650528e-02
 2  3  2     1.1185683840e-02
 2  3  3     2.2536332796e-01
 3  1  1     4.8508397868e-02
 3  1  2    -1.0992650501e-02
 3  1  3     3.3744189959e-01
 3  2  1    -1.0992650530e-02
 3  2  2     1.1185683819e-02
 3  2  3     2.2536332589e-01
 3  3  1     3.3744190089e-01
 3  3  2     2.2536332796e-01
 3  3  3     6.8204244740e-01

   53
0.0000000000e+00 0.0000000000e+00 -6.0194979900e+00
0.0000000000e+00 0.0000000000e+00 -6.0194979900e+00
     3      2      2
 1  1  1    -5.3965902471e-01
 1  1  2    -1.7727828441e-01
 1  1  3    -4.8508397878e-02
 1  2  1    -1.7727828441e-01
 1  2  2     5.9547143626e-02
 1  2  3     1.0992650535e-02
 1  3  1    -4.8508397878e-02
 1  3  2     1.0992650535e-02
 1  3  3    -3.3744189999e-01
 2  1  1    -1.7727830384e-01
 2  1  2     5.9547132855e-02
 2  1  3     1.0992650521e-02
 2  2  1     5.9547132855e-02
 2  2  2     9.5735639815e-03
 2  2  3    -1.1185683840e-02
 2  3  1     1.0992650521e-02
 2  3  2    -1.1185683840e-02
 2  3  3    -2.2536332674e-01
 3  1  1    -4.8508397890e-02
 3  1  2     1.0992650514e-02
 3  1  3    -3.3744190103e-01
 3  2  1     1.0992650514e-02
 3  2  2    -1.1185683853e-02
 3  2  3    -2.2536332736e-01
 3  3  1    -3.3744190103e-01
 3  3  2    -2.2536332736e-01
 3  3  3    -6.8204244740e-01

   54
4.5123740000e+00 0.0000000000e+00 -6.0194979900e+00
0.0000000000e+00 0.0000000000e+00 0.0000000000e+00
     3      2      3
 1  1  1    -5.3965902471e-01
 1  1  2     1.7727828441e-01
 1  1  3     4.8508397878e-02
 1  2  1     1.7727830384e-01
 1  2  2     5.9547132855e-02
 1  2  3     1.0992650521e-02
 1  3  1     4.8508397890e-02
 1  3  2     1.0992650514e-02
 1  3  3    -3.3744190103e-01
 2  1  1     1.7727828441e-01
 2  1  2     5.9547143626e-02
 2  1  3     1.0992650535e-02
 2  2  1     5.9547132855e-02
 2  2  2    -9.5735639815e-03
 2  2  3     1.1185683840e-02
 2  3  1     1.0992650514e-02
 2  3  2     1.1185683853e-02
 2  3  3     2.2536332736e-01
 3  1  1     4.8508397878e-02
 3  1  2     1.0992650535e-02
 3  1  3    -3.3744189999e-01
 3  2  1     1.0992650521e-02
 3  2  2     1.1185683840e-02
 3  2  3     2.2536332674e-01
 3  3  1    -3.3744190103e-01
 3  3  2     2.2536332736e-01
 3  3  3     6.8204244740e-01

   55
4.5123740000e+00 0.0000000000e+00 -6.0194979900e+00
4.5123740000e+00 0.0000000000e+00 -6.0194979900e+00
     3      2      2
 1  1  1     5.3965879326e-01
 1  1  2    -1.7727816379e-01
 1  1  3    -4.8508397868e-02
 1  2  1    -1.7727816379e-01
 1  2  2    -5.9547199766e-02
 1  2  3    -1.0992650501e-02
 1  3  1    -4.8508397868e-02
 1  3  2    -1.0992650501e-02
 1  3  3     3.3744189959e-01
 2  1  1    -1.7727821951e-01
 2  1  2    -5.9547180123e-02
 2  1  3    -1.0992650530e-02
 2  2  1    -5.9547180123e-02
 2  2  2     9.5735785521e-03
 2  2  3    -1.1185683819e-02
 2  3  1    -1.0992650530e-02
 2  3  2    -1.1185683819e-02
 2  3  3    -2.2536332589e-01
 3  1  1    -4.8508397851e-02
 3  1  2    -1.0992650528e-02
 3  1  3     3.3744190089e-01
 3  2  1    -1.0992650528e-02
 3  2  2    -1.1185683840e-02
 3  2  3    -2.2536332796e-01
 3  3  1     3.3744190089e-01
 3  3  2    -2.2536332796e-01
 3  3  3    -6.8204244740e-01

   56
2.2561870000e+00 3.9078310000e+00 -6.0194979900e+00
0.0000000000e+00 0.0000000000e+00 0.0000000000e+00
     3      2      3
 1  1  1    -1.7909601304e-07
 1  1  2     3.5747559990e-01
 1  1  3    -3.6501712176e-01
 1  2  1     3.5747596696e-01
 1  2  2    -1.3586896587e-07
 1  2  3    -2.1991806987e-08
 1  3  1    -3.6501711972e-01
 1  3  2     3.0555807884e-10
 1  3  3     2.8794346907e-08
 2  1  1     3.5747559990e-01
 2  1  2    -7.0756041007e-07
 2  1  3    -2.2465347416e-08
 2  2  1    -1.3586896565e-07
 2  2  2    -3.7962834851e+00
 2  2  3     5.4933946503e+00
 2  3  1     3.0555807884e-10
 2  3  2     5.4933947209e+00
 2  3  3    -5.0573741160e+00
 3  1  1    -3.6501712176e-01
 3  1  2    -2.2465347416e-08
 3  1  3    -6.8721581759e-08
 3  2  1    -2.1991806987e-08
 3  2  2     5.4933946503e+00
 3  2  3    -5.0573740878e+00
 3  3  1     2.8794346907e-08
 3  3  2    -5.0573741160e+00
 3  3  3     4.3058500000e+00

   57
2.2561870000e+00 3.9078310000e+00 -6.0194979900e+00
2.2561870000e+00 3.9078310000e+00 -6.0194979900e+00
     3      2      2
 1  1  1    -1.7909601294e-07
 1  1  2    -3.5747559990e-01
 1  1  3     3.6501712176e-01
 1  2  1    -3.5747559990e-01
 1  2  2    -7.0756041007e-07
 1  2  3    -2.2465347138e-08
 1  3  1     3.6501712176e-01
 1  3  2    -2.2465347138e-08
 1  3  3    -6.8721582203e-08
 2  1  1    -3.5747596696e-01
 2  1  2    -1.3586896593e-07
 2  1  3    -2.1991806709e-08
 2  2  1    -1.3586896593e-07
 2  2  2     3.7962834851e+00
 2  2  3    -5.4933946503e+00
 2  3  1    -2.1991806709e-08
 2  3  2    -5.4933946503e+00
 2  3  3     5.0573740878e+00
 3  1  1     3.6501711972e-01
 3  1  2     3.0555841191e-10
 3  1  3     2.8794346463e-08
 3  2  1     3.0555841191e-10
 3  2  2    -5.4933947209e+00
 3  2  3     5.0573741160e+00
 3  3  1     2.8794346463e-08
 3  3  2     5.0573741160e+00
 3  3  3    -4.3058500000e+00
